0
562
792
658
452
312
495
1057
940
1064
592
780
796
1008
654
988
857
799
1024
657
814
598
1197
365
1016
629
1081
641
574
870
1030
678
1111
513
557
956
922
1174
647
1172
1045
559
246
988
417
646
618
1139
933
815
925
284
535
812
995
588
680
223
983
665
1178
205
517
489
704
668
1132
903
399
391
616
641
840
1094
1139
994
305
943
241
952
807
1037
1129
685
878
217
282
1151
1036
775
1186
449
552
557
512
778
395
1188
428
546
1183