1422.65719739
2227.90564947
1329.23248973
1074.51750906
988.986122001
2128.32954202
667.197275018
1774.76246005
1731.7249484
819.84863342
2420.86214119
2181.12207645
2000.04644333
1005.1108437
2340.42230847
2601.03589586
1668.54273488
2226.25979633
1790.2231633
2249.78156649
954.321937909
1839.04311852
1251.31304297
1319.65197326
2430.05538947
1697.67939033
647.910799436
1381.43537271
2504.78065321
1342.89209492
2151.61110234
1780.92182292
1358.27615482
608.783493664
1149.73192899
2277.44694202
1446.45063911
1296.72493055
2527.24084987
1430.16989625
1478.03921683
702.502750025
674.085773896
2105.92148304
1637.98571026
2993.83424393
2147.2777619
1869.08569435
800.249372035
1835.68740503
1421.90351468
1247.41653718
1478.68709864
1705.56922872
2145.74668797
1856.1703674
871.094625149
1713.76085835
2284.35495605
1893.97631911
1615.9615663
2305.6681712
1363.13995078
1166.18754769
1937.89940037
1827.00789402
1998.60214543
2341.81210883
2446.83362799
1644.45154444
2200.52476112
1924.44553546
1561.26001664
2924.70959556
2028.54328164
1766.87640808
1348.09741232
1051.94511171
1531.88355717
2464.8545293
1136.30609346
2194.51108018
2057.55024605
2252.34356165
2385.90214506
2101.55825268
2314.3997028
1756.9569976
2122.46652938
1035.57050968
1656.75010949
1618.57774087
1409.11680304
2078.15590545
1044.22624637
1998.92694025
1438.25450325
1070.29863118
1527.90097604
2194.11565598
973.836880602
1575.03730138
2547.60107991
710.554617615
955.513234116
2512.35628412
1933.51648184
1655.00378432
2241.51572542
2394.82768008
912.461202396
1833.04899538
1060.04182699
2401.93101153
2166.42060355
1611.17598079
1375.30969992
1566.49026833
1694.63418943
1344.09807038
2214.68854042
2569.69786815
2401.37152048
1138.98178845
2152.39513998
1907.47274857
1341.55333154
1250.99232459
1050.34236292
815.040472558
1056.01559655
2040.10641278
1545.49341282
1709.38522135
1274.27434582
1392.59442453
1302.60443398
1886.84150231
2177.62993831
1935.20795024
1513.88805256
1963.54803956
1010.2628212
1420.28626986
2375.61277721
1765.856846
1582.52393935
1034.63577496
912.936078661
868.584660203
2314.40405368
1822.36647923
1738.0050603
1131.63466569
1927.83085496
2096.09073541
1445.97449034
885.364547334
1471.93822983
1746.62435758
1421.81261092
1123.92762119
1162.25276687
1169.02050156
1366.18729679
1668.21856958
1347.27221202
711.012314306
1315.06066242
1237.96293293
1458.0792058
1085.56593471
2100.5275079
2088.29770501
1215.64564982
1340.46522252
1543.05660793
1444.36518742
2233.64047287
1535.7351628
1714.08934442
1578.67263969
1556.03082078
1784.28379669
960.58150754
1086.00503261
1856.17223577
2540.61276224
1714.48264347
1310.41777405
1485.22365361
1222.23961705
1156.11537926
1570.33808244
2026.54884898
942.736986186
1610.11702979
1388.1982142
2033.07500059
2005.51046671
1891.91972845
1923.40806608
901.523111251
1780.50009258
887.996867868
1868.45474144
2541.96603911
1707.50013698
1851.69987445
1569.04091825
1177.05487717
1568.43723086
852.04884369
1122.44162979
1050.0503182
1568.70770269
1627.21398558
1455.07645883
2046.10380392
1079.33716347
2119.3028235
1752.07980829
838.250871508
2727.32282862
1485.62348891
1951.15111945
1228.00812401
1636.10814934
1722.29759367
1945.56518516
1951.56111062
1355.38083422
1620.66249435
1144.02808191
1939.54192795
705.405564535
1569.17055493
1617.15722086
1149.12465264
1027.61478118
1791.26122557
1546.19157741
920.255490203
1057.54585706
1397.95252387
2301.39488489
1247.89065284
1377.21247389
1519.35418029
3030.74698753
1597.73118539
1476.4923473
2003.33488834
732.4323647
871.095771112
1542.40744246
1564.13207297
1069.21188209
1790.98502156
1223.68239894
2773.29888165
1661.06919065
1827.30890037
2060.56839933
2188.19720866
1193.83502198
1784.17177757
1049.49594529
1864.74508306
1330.89032625
1454.9060667
1509.36348763
1540.8943928
1417.78590387
1328.33985558
2217.01982449
1302.23932243
873.815106722
1494.56973827
1951.11176633
1114.55486159
2462.10068128
811.834658315
1472.61805551
1196.75913228
1173.16746463
1402.82744684
1348.5151329
1180.84041619
2417.80424165
1161.62490166
1893.02600321
1753.58284579
1899.9634195
1479.42226902
1415.8811662
1741.12023298
798.015198142
2206.25545573
982.948497733
1459.06454696
1487.15066941
1077.65970435
1035.92085836
2196.74655698
1343.06775604
1567.66398522
1362.54910238
960.386850235
1307.12628804
2014.15552843
1267.2455924
977.643356958
1679.65286782
1793.41403561
1262.40447174
858.373830052
1666.28930381
1790.63621214
1763.68318113
1360.83417934
1398.76438857
1954.40537124
1990.84779467
1884.31873338
2045.72339907
1533.20959634
1075.28860316
1566.77392709
1617.86306792
1969.89262716
1786.31261225
1262.13973695
1390.34176624
1795.16538904
1251.57410965
1840.79132785
1766.11006089
1726.77632957
1866.48226813
1615.64483689
1944.65412577
2963.59851509
1663.00533576
2354.83841156
1684.64356334
1237.20053744
1568.35327589
2187.69218763
1730.81130318
2191.22258504
1320.14614716
1380.38534854
1989.05620882
3172.74642479
714.990945787
1371.84482637
1112.05698383
1556.39911784
925.783073254
1158.14870692
1168.0838398
1424.6996459
1335.10334357
1030.92111979
1892.01885335
2016.82167083
1695.39136453
1809.46799948
1015.21831177
1368.34761383
824.895841232
1964.16914931
2360.57943316
1016.16505453
1037.25782848
1491.10168946
1298.32270264
2055.70531654
1375.3519254
1573.02414437
2250.99646516
1803.96590695
1231.96343427
1542.01837157
1453.53274314
1736.1296453
1503.75744961
2163.83903573
1845.71749429
403.104258203
1926.80504844
1734.05333211
1492.06661946
1115.37094775
1616.60588224
401.518467215
2590.07850983
1456.67018117
1351.83085172
1450.10989181
1289.73262512
2007.33731121
980.682622041
1150.05026807
1256.49453592
1351.76782992
611.344630075
1034.65833741
1603.01184167
2596.3101487
1288.1039972
1369.29183535
1978.83833138
942.977342942
804.558598206
1468.02667703
2861.73911187
1151.93287655
1676.37649719
1364.14286376
2244.09445407
1373.44128894
1216.55273722
1729.17840154
2115.38141584
1673.43682706
1676.23055068
1506.20170994
855.390004184
1581.15236567
696.988166239
1053.67045755
1217.91846988
2201.06971775
1264.37728683
2319.0059862
1777.86647885
1012.85234237
1777.40336758
1095.21414805
2004.19671437
1523.74867767
1608.05050297
770.685535803
1186.65424502
1225.44111542
1723.04679451
1852.87173476
559.118217262
2235.76389124
2687.47915851
1310.26911295
1690.35444065
675.084400242
1145.15380777
2528.06022706
1526.25234467
1155.30409425
2015.5803636
1305.09623659
1658.39725881
1132.5630775
1765.67529071
2016.92530511
1491.01712948
1615.67995171
1590.51907234
2318.69861827
916.905415681
2361.00889621
1432.26415612
614.531703783
1882.4969164
2128.36534183
1591.52556666
1370.1598385
1403.24049521
891.222971087
1312.43074495
1485.93302706
2318.12492772
1916.86857906
1206.03721568
1535.75791313
786.618959804
1766.34932973
1847.69513087
1351.40802746
1518.62965106
2159.38468876
1957.16076656
1607.12140086
1320.44969942
904.432968042
1411.93641255
1847.17325288
1001.80582311
1842.82019675
1698.89101453
1836.72420415
992.741013146
1434.07185812
1489.91127473
1189.78938906
1099.92584679
1289.96466135
2253.70397247
1870.24791833
1633.41282481
622.366755286
1837.83147904
1330.90429893
1429.38048386
2088.47990401
2183.10107188
1922.43992879
1329.23372296
1817.22086032
1328.72079482
1967.75790691
1225.31252154
1657.79890699
1223.466116
1637.08796032
1521.12105633
1609.55705392
2045.63706121
1532.13416285
1517.94165142
1390.30789918
2114.89907997
2016.76198739
2239.3820625
618.234547805
1349.63325948
1583.29209851
2295.319971
901.909061202
2518.53270323
1495.36062795
1375.60093998
2926.22781683
1586.90623618
1644.73095748
2278.61980424
521.416123616
823.895870205
1146.54772844
1249.42921381
1129.84738712
869.679742189
2109.65977335
1220.64810785
1552.70358577
1811.85102731
1361.43716025
2297.61788459
1635.71044299
1804.77686022
1113.57670407
2040.49693819
1023.875586
528.418403547
995.624508071
1126.0225875
838.416015007
1534.75010717
1728.21324539
1899.11221271
1413.31830958
1974.32237941
1215.5482287
2091.38365421
1479.6544184
1313.22207812
1550.83454167
1969.48279577
1677.21023325
2114.38458831
1222.71213991
1616.74226425
1250.98911893
1218.32581877
1366.02230794
1289.65032648
2073.00765671
1337.76016282
2323.95403882
1350.73525431
1253.62920242
2323.47259919
1592.419395
1047.21911293
1463.47069138
959.501716622
1400.58027552
1198.53884759
1147.43740448
2216.94140813
1624.18895025
1406.28491331
1720.70142741
800.733451623
1302.23053016
1331.6986738
1808.35321357
1353.06213629
1131.74252599
1354.86420516
2601.52178598
1295.6179846
1963.11743609
1460.62254846
1892.55826476
2654.87831439
1795.35904039
1225.36882243
1656.52781787
2367.34436931
1322.56542212
1397.31874866
1409.63788931
1670.15033443
919.015729404
1512.51523534
2333.03997721
1088.8133402
1669.11353774
1702.53759572
2176.0052959
1259.46529469
1338.53790412
1273.67997216
1418.30315283
913.398334593
1469.7259949
1654.58724704
2217.34044423
1477.037329
1202.36736218
1045.16217736
1425.94335229
1351.89115495
873.628748917
2034.94496978
1542.61491734
1077.86185937
1903.90774852
1764.46055205
2172.14701867
750.240151169
819.56462616
595.867415164
1011.75295257
952.681970492
2418.55853492
625.775397449
1231.48863155
1784.28174212
2348.73524849
1865.93506974
1714.13123222
1434.52050443
2191.34465545
1223.99496972
1418.72222336
2207.02393288
1295.47447116
1204.54560967
1483.06197191
1899.56744472
1553.97886657
1069.86195005
2189.70421275
1734.27634236
1598.55821189
1104.64482243
1686.02030016
2261.5481665
676.569257162
1069.92262022
1274.74174432
1528.84737434
988.941840796
1855.40082421
1024.20906849
1792.35424164
1387.81017643
1328.79324431
2046.55561252
2270.35375337
1986.45919893
1186.49020102
1222.21576537
2431.07858255
1392.05550304
1387.639962
1739.22280461
811.926644686
1500.83278499
1039.70582868
1202.30863772
1025.78767595
2135.55803994
1929.67920628
2302.31553258
2119.53881939
1388.4912016
1527.19595592
1818.2926507
1821.49944371
1057.1525008
1978.34850101
1570.13986822
1145.2878135
718.893596787
1251.32970561
2263.19909439
2309.17988961
2409.2508716
1826.25974018
2575.41357563
1987.1727156
1169.01427717
1482.44679914
736.331683829
1142.47470554
1201.32732837
1204.0208644
1615.487973
1823.18639739
1417.37382189
598.928232262
1198.6341667
2015.19047445
1850.95237635
1452.10942075
1404.62526684
1443.52536238
1983.72457266
1827.77657255
2122.84175287
1498.21008599
932.669340758
1841.53246311
1420.53563721
2530.83367857
1388.09310661
2330.05400316
2296.24548833
1959.41388349
1781.0292481
1794.74746865
1651.87866053
1498.26611726
1626.47583009
2034.96886317
1014.80253986
1220.01670905
1701.41666481
2575.34391324
1736.85493428
1522.27072006
1775.90317796
1328.57253611
1378.77705678
962.771936783
824.135314739
1980.16464489
1056.40027973
1273.08312289
1458.91556092
1639.19712336
1832.81093981
2874.06145824
1297.40013293
2215.5073239
1527.74987208
1028.87917841
1421.11960671
1326.78976672
2440.90144427
1625.77864319
1574.28236314
1792.64319381
1598.92924444
1979.3271763
1809.47846831
1695.40298351
1454.84765329
781.054673804
1027.62951161
1534.51831447
1669.51881169
1450.08880021
2194.25196399
1879.03114494
2228.09398756
1504.65244132
1380.2964138
1702.78593587
1004.23760237
2130.95812832
2397.46047501
1371.34911854
1733.8194547
926.427672117
2620.29539335
738.010712096
1474.804353
1397.55557145
1411.93277762
2500.42543187
1248.53985047
877.671652108
1822.36942966
1447.48814321
1872.57375905
1330.36548181
721.032531008
1093.13531062
1660.34648161
2041.92482
1511.80657854
2192.45015373
1326.5330661
1258.05867827
935.363555361
896.790880746
1546.75003226
1695.30933313
1375.31602216
2014.14694082
2835.6185202
1465.39251439
1785.18828425
1991.11207497
1803.79697465
1113.59735395
1028.86843997
1273.82032373
1616.90380627
1082.38808088
1737.28296918
2374.47019931
869.627997678
1090.95638564
1331.99346886
1168.24491197
1369.62746932
2259.08822673
1909.16012263
1397.35154213
1486.62681383
1286.84586753
1908.39264571
1674.99355445
1821.66992577
1367.00572591
1402.21206928
1438.5165417
1381.20158491
1825.61802162
1027.74810708
2218.53910971
1099.20548274
2247.7289057
1366.30511588
1082.58382256
2336.74987927
926.109680405
1612.46198527
1702.17385564
1141.21807476
1305.7390928
1284.21309944
1024.87080266
1428.87927395
2219.4982158
1538.22076926
1546.74858516
1289.46446307
1333.79068165
2123.96895634
2048.80516984
1499.37054756
1347.85678744
1519.20167041
1872.95518046
1058.25734951
1932.22332196
1892.94621152
2044.08990577
1531.78215057
554.254537627
971.009806872
1735.29015153
1393.47905934
1424.65732807
2000.25177202
1654.35371884
2484.85114811
1919.54402787
1602.96850946
2330.0260411
1754.36031336
1076.2048059
1501.01021777
772.672112023
1677.06026496
1629.42108593
1788.82572826
939.941542264
1321.23754421
1997.45130758
1108.65948172
2231.02560511
1171.23110846
1551.49324368
1445.47716956
1056.26702587
1669.69380882
1571.23848756
2378.42728295
1184.35025689
1045.6282378
826.406322665
864.625856488
834.776664208
1691.88893297
1354.77657416
1780.01550133
2085.96402397
2204.26288744
1184.38884157
1549.74072715
752.130945579
946.866628717
675.158034779
982.654520456
1391.62251444
1403.78819074
1024.30806103
1846.32145122
1604.46652526
1608.01301626
727.796331625
1579.80215779
2007.04409766
1347.02726966
972.665011359
2189.1039188
1156.36619141
1827.94590246
857.484140742
1701.45235478
1684.55577022
1331.65991918
1132.02202507
1844.79872716
1760.68192949
2044.23526043
1416.87015255
1679.50965134
1615.64216883
2003.15962336
1256.44740134
1338.62709979
1324.49686755
695.405992041
1178.05791742
1554.31497182
2004.32071533
1108.046582
1909.75838547
1983.45537746
1644.30187596
1687.69682592
2053.23948898
1138.33209107
1567.40597136
1649.14173768
1383.68025692
711.121033628
1978.75499591
2186.8860061
1178.40764668
1282.45382979
1558.36742757
1248.70777194
2524.74826525
2087.71016829
1052.69812525
1277.44588846
1307.45606408
1568.60843082
1445.10537224
1626.11870552
1749.05665872
2047.76643285
1242.57045459
1203.62504359
1294.45460915
1490.78254768
1869.461852
983.425113798
2474.83803285
1575.13245582
2494.95549057
1638.40436613
2292.8869786
1433.12264524
1436.52535055
1535.47336797
1581.38579903
2067.19246618
1221.52333693
1276.55176618
1401.8258261
1153.87072997
834.520231633
1575.06699412
1629.46983646
2322.96967276
2131.01040912
1832.39275036
1856.6618863
1745.31830666
2101.2342932
1097.30330122
1751.29556357
2004.84141291
2369.19438158
1148.3270642
1221.5565722
804.152143747
1205.87968098
1223.77720318
1144.33826412
1850.99868523
1971.8198539
1460.0378662
1107.81459637
1535.97523365
1568.02866477
1370.59921851
1107.76458929
1212.70516854
1658.19059105
1371.087802
1578.11601934
1903.95876308
977.292207471
2239.76460221
1931.52970489
1905.8052644
2064.85230724
1594.80967162
1487.23502104
1511.35946178
1381.60429739
1848.43017811
2043.86653797
2370.49752904
1056.3908678
405.583528224
837.99616174
1905.05496088
2311.30151141
2295.74822491
1792.5383443
924.139907661
1572.72256378
1994.69956329
1249.39006581
993.395330978
490.526909473
2144.66257296
2501.03196861
1307.37049009
1979.82919663
712.569304434
689.751374024
1371.86599541
1510.86311883
2077.09442609
1056.48965118
1350.02267087
2215.39034303
1357.62131181
1315.03260969
1310.58549743
2228.8652217
2560.32583837
2123.33685598
2056.98413402
1400.73785185
1406.17700055
1475.42344073
1952.69960961
1589.0297452
1041.04520408
1299.14082733
1728.29525724
1745.06278876
1321.72041959
1251.97785656
1746.77174583
1897.27062806
1043.01572679
1977.1811002
903.405872248
2478.54408074
3038.15959169
1460.66838813
1256.54838691
1550.40446249
2204.94522872
729.999642257
1034.95209027
980.490259859
1911.41070042
930.174091108
2256.07370339
1976.4514003
2013.82085478
2424.19122659
2330.33247631
1408.02711957
1265.81262842
1602.55604711
1393.30162371
1149.51974722
2365.99991657
1337.11540681
1852.05366062
1498.25517944
1497.70697115
1467.86827099
1528.72710973
1206.756034
1499.23090626
1129.90182276
1206.07762638
1639.82505025
1546.63233609
1644.29651226
1255.50670245
2019.50729597
1776.23024898
1846.46800571
1712.72641625
1873.85183303
1801.57224971
1188.14012024
1732.50781308
2526.76245496
1379.17742749
1331.46158774
622.601028287
1561.09729084
980.120619367
1906.16910885
700.575809477
1457.9753206
2013.80820632
917.516135545
2382.94181164
1835.48732873
2072.8302261
1974.03025018
1763.99937637
1129.29237478
919.299618662
1382.37923192
1294.95238595
1286.57014906
1925.43698231
860.298093963
1113.77001869
2108.19648756
2454.21625307
1696.68816024
1903.18467354
2027.2170112
204.757306712
1353.60255307
1975.41816095
996.881283404
968.670679594
2069.04987865
1698.47444412
1602.02926509
1874.2894124
1408.39858995
1546.96453893
1533.57585486
1550.14671629
829.074942246
1324.35495518
1408.20964656
1936.7514067
439.975125999
971.040202146
1439.82548614
696.212843299
1755.36384253
1094.97288774
1350.35975284
1343.12863529
981.830002826
1860.93684627
1555.4163534
1402.98407994
1770.98599596
2083.79128614
995.94361866
1980.75222101
1110.24635258
1809.47758429
2119.39200883
1920.32018176
1147.35419752
1175.69679385
1329.50481229
2307.19085326
2374.85166943
1097.94140724
1428.2568757
1504.34574977
2051.79267687
712.105026797
1520.08033889
1757.13749494
953.296419199
2290.03892521
1096.66724905
1127.1256984
1333.1084043
1198.94560812
2080.42904573
1685.52467237
1120.4676265
1315.45223592
1450.44816926
1554.06710112
1580.29574505
2520.06926013
1467.33495053
1085.29773735
1587.46798576
1380.93758259
1406.75070315
1822.57622935
1839.08772902
1407.23131
1269.45023669
1899.24261325
489.249739928
1356.83766632
1991.01673083
1135.89286463
1057.2972498
1739.6542255
2385.04048016
1326.61876753
1586.53042278
1673.21096705
317.286303663
1328.75940037
2012.2034968
935.472000294
1504.20152532
1275.97422626
613.558860403
2019.38029534
1177.87537385
1336.49827864
1414.47546151
2664.84165329
2483.09277664
1031.86633067
1216.11256774
1518.51839274
1812.23017012
1588.82493125
2246.54760375
1543.45242561
1653.54435756
1415.33254277
1587.40291939
2105.89083013
1842.62493254
1796.56006653
1353.77826303
1824.52535645
1741.87956217
1944.25855634
1924.28440419
1924.35288854
1428.62238344
943.325464752
2844.17835289
2214.55937412
1579.33580212
349.499501016
1599.55341991
2306.2786585
1232.0738976
1323.33159196
2203.69411782
2066.21830214
2017.99660355
1578.78062167
1022.01422998
1018.52289338
2025.97703587
878.619409697
835.394363483
1487.60980708
1176.95293322
1772.11578891
2032.36541819
1534.30207155
1594.07851197
2324.04658561
925.342793966
1312.37257853
565.225455943
1228.50866365
914.74075079
1758.41539388
1303.78668459
1447.38301835
1454.6301159
1799.94584055
1939.13756756
1644.61666291
1719.02096556
2269.7392478
1313.74048272
1811.20977766
1234.33216115
155.839038568
832.549611334
1254.09140143
1077.68701582
1901.82243045
2161.85454313
726.713109361
1261.05981365
2150.36099324
1171.68188573
1606.22102379
1784.19907977
1256.76424154
2153.59195912
776.060366898
1897.67444336
605.933023173
1732.76258848
1346.7425079
1267.0224347
1510.443433
1259.91425662
999.494321177
1177.9335713
2402.87782327
1357.15886736
1390.23182817
1934.39036097
1657.94074045
1961.57903017
1703.8042677
1910.23320913
1935.93058425
1911.84049545
1729.6222739
1892.97114185
1359.39237786
1825.13214716
639.739459613
1581.73671293
1662.38215813
1859.01468343
1420.26764389
994.838242675
1592.8377518
1624.22249961
1387.87268981
1643.12746206
1145.50889564
2962.57024834
1428.45585325
1432.00252628
1655.38364689
2345.4572694
1297.81548462
1032.89619069
1050.8414576
1521.01930562
1042.44950584
898.106138667
2700.11586146
1022.99928943
1911.52791931
2039.23496116
2045.00604822
1787.35597536
1338.58684339
1714.18236279
2179.17443149
1635.88347746
889.789656247
1934.72437385
2853.30248133
919.537072473
2086.10774037
1700.88054911
1506.08617964
1737.10231394
1446.18766674
802.010443785
1783.14843122
1717.01605614
1221.21153021
1232.46255058
2171.14229197
1226.93268644
1914.63243124
1329.43029285
1807.52812968
2377.59490399
496.439195201
1180.77721815
1528.81765991
1850.01648277
543.811323055
949.565342651
1189.55952947
1503.80226531
1970.00372219
1648.58387212
1682.51251175
2038.25460551
1288.14510849
1289.31720204
1834.69447478
1526.9614253
1981.21049825
810.095468709
1297.04616451
1831.92233934
1475.71201872
777.191730462
536.65733739
1119.99407749
2240.16727669
1914.88622705
1042.77717147
1485.47724914
2383.2624335
1503.47645307
2071.08491305
1120.52071195
1657.53439697
1950.70718312
1406.23287327
1404.31997253
1380.60666351
1627.72579428
1036.9677911
1662.03093628
1689.69988357
1628.88715761
2546.74670528
1727.34648273
969.356152457
1518.25220449
1465.07743228
1665.47509385
1178.89767929
1543.75868312
453.809231713
1482.05448183
1313.17290949
2303.64473267
1471.50242107
472.874558206
1921.39393753
1136.39536711
484.064579984
1316.52406292
1414.28840709
1044.33117278
1782.27979031
533.752964235
1704.07084633
1388.08283539
1639.43490894
1571.47823223
1349.31816486
1679.77176297
1885.24278415
1324.77142086
1600.58053645
949.500321469
2420.48952084
1406.53245299
1108.24615385
1721.19791147
1437.85883639
1291.72774354
2331.4670237
1178.30292964
1127.1537397
1312.08628056
1225.05106955
275.49431184
2510.48487671
1290.36059121
2342.40083124
1303.75022106
1902.12274198
898.966944234
2047.9301791
1733.27933052
1370.09268114
1690.16550941
1243.79864136
2091.35368282
1323.38622022
1202.05091573
2070.38378657
1992.8492702
1727.1172663
1516.12015265
1278.75398108
1901.9929877
1935.71455756
1055.36511105
1498.79717145
1064.65780389
2016.69740066
2187.35657912
1281.97526301
1719.84069896
1838.00427708
1688.83572034
1854.58828102
2529.0031796
2385.25142044
1498.34685731
1679.47053565
1032.73867983
2819.57178543
2897.26102952
2009.69963013
1762.06619512
1812.92113211
1864.36998923
2442.55852101
1816.74553225
1147.40914629
819.379336191
1755.48094168
1438.94772087
1064.18700155
1440.37604674
1734.53300435
1762.34453493
1134.57236332
2477.54873532
1616.14762792
1050.46560086
2288.46679554
2022.04232268
2177.56426508
1752.16084293
2222.32016629
1522.67847421
1047.73994384
2675.90326955
1021.9742222
884.40298695
2444.30992838
1198.69134289
1570.97608667
1311.84873944
870.268880274
1538.92806013
883.054386111
1721.7434971
2295.72593686
1708.86516148
1002.22304513
1957.58392677
1291.3827498
2609.23275637
1915.22920098
1389.83927359
2410.68938001
2333.61483655
1469.5632548
1458.35364118
919.292743889
1120.08849233
1973.44656067
1975.26424476
2326.35017964
1412.43808233
1710.5522584
974.24276005
2808.06468881
1284.62017963
956.276681458
1936.41564905
2070.64510427
1932.40237696
1331.62975039
1351.14665004
1804.36368998
1336.99364779
1084.64529677
2697.7143968
984.3226047
1156.98152941
1704.94574232
1545.31292295
1628.92661577
908.806984839
1253.86038051
1999.9285747
2629.48478118
1333.90634058
1179.89041305
2330.09399648
2297.23293871
789.647513843
2459.95104695
667.020349807
784.264076089
2358.81340091
1649.4730665
1954.24265437
1357.27034653
2008.10346298
1805.63465579
1688.8810407
1414.86517925
1338.53855874
2111.19312803
2616.43259168
2790.68875608
1224.27793409
1148.57291227
1086.91619001
1160.50018119
1170.61665327
1536.09087156
1313.12373677
1056.0053469
1128.50216278
1610.36659259
1491.91439684
1870.94911886
1586.37641853
2307.05444005
1539.30383902
1696.26694808
2019.24449055
2025.32587568
1423.91221386
1907.00396377
1414.97386098
1569.8847838
1228.45268022
1711.11329779
998.386857729
1434.95451068
2768.16117022
1634.36200655
1911.18007773
1997.13618143
2468.92913777
2105.13592248
2045.91494818
2344.29480207
1659.56334071
2053.36553848
1739.47232057
1480.78918357
1263.43577131
1960.51750105
1073.36205481
1745.9270347
1594.53015354
3261.89181274
1255.49882454
1735.09790317
2105.22193739
962.397819141
2640.93815851
1219.24086818
1887.36417199
1447.1376369
2688.39887907
1111.20792869
1042.98803579
1502.69172806
1493.42414197
1895.69347495
1718.96293597
1758.28679594
2084.12472197
1786.5918544
2033.44651503
1004.31743915
1731.19030028
1781.16811693
1489.98271526
1674.38323224
1866.96335766
1335.39490321
2155.64564421
1981.19380352
1437.81738797
1369.68678172
1261.56311078
2102.51574347
1351.42118258
1382.9448811
1654.69876605
1172.95621988
1139.39923725
1645.88408524
1701.71967295
1396.74358161
2125.58347057
1788.79253124
459.128142416
1666.07087996
2168.49391296
1088.3213735
905.770823146
1037.62650772
1316.81599473
2027.65160865
1933.0058958
1914.27482196
1923.28739189
1921.76162019
1797.76106665
2066.94657249
1356.59133921
1203.86174605
1664.21232185
1831.7343049
1105.5203387
970.030300362
1061.12617048
974.070663728
1782.75406201
1594.96739805
1414.58429858
1109.87107412
1236.36067184
1759.48688851
883.720684478
1742.83128504
1797.8960397
1265.6421636
984.732855877
1793.66561709
2848.06161024
2209.53423858
2050.86085901
1859.39836362
1327.17505824
1251.3990763
1862.36153121
1707.8564172
933.210663848
1329.57225887
909.624630525
2205.42097032
1065.83016872
370.524850011
1819.41671738
949.530597229
1418.9962658
1877.06408643
1211.96311228
1374.20631866
1662.12703672
788.769116541
2293.01673105
1936.79053049
785.771875716
2073.5868219
2024.03176731
1813.63809642
1425.84049901
2004.73667875
2100.21881729
2062.6681201
722.785985194
2065.43784093
1592.34861472
2604.42602431
1683.42901005
1981.11918282
712.391439523
2511.49695529
1653.76089126
1338.98265264
1316.94427016
1186.70146089
1676.25027643
1812.48765076
2743.19580778
1272.31505236
2563.58590794
1969.67975524
983.489607958
709.968895479
1111.74460907
1818.56557119
3069.37091343
2156.16659716
1445.37878047
1337.62134573
1022.40734409
1608.10392027
1881.70053187
1371.39882976
2269.40066499
1740.15748524
1899.60146995
1192.36113991
717.190609416
1732.52089515
1130.81120627
1095.0194082
1215.06040337
1894.49974604
1730.49850149
1634.89001598
1484.88932272
2573.37436616
1214.92051879
1519.48871133
2200.2047503
2047.04388537
2667.95581404
1875.81507492
1616.15355531
1040.33073077
1728.92454805
537.177800381
1533.08926712
1977.11084926
1449.12465803
765.555406125
1589.58195887
2728.89714432
896.059096191
1054.70606584
2097.46584715
1352.31719837
1886.63174788
1542.34730319
2586.85877052
1721.93974544
864.828446567
1481.00944018
3045.74848545
2022.53999713
2236.68426385
997.567094177
2487.44906432
1542.24711171
1959.29499371
1393.69464604
2232.54681703
1824.59876971
2128.2736541
1447.75158761
1215.68063429
1429.19997671
1755.28696236
978.221521009
1014.14640138
1786.81105317
1221.80853804
2123.71879798
1089.92893746
1520.12075314
1510.50178521
1971.53904652
1487.67485348
2267.88608092
1125.59577062
1734.89962522
1217.35003683
2086.5656051
2505.59797608
1992.4538045
1427.42833522
2111.54952999
1533.98239048
1506.65871781
651.659676742
636.930115606
1287.64168359
840.961073349
2081.4679489
813.165841742
1641.69784193
2701.48886735
1218.06713831
1457.04060984
1649.17192913
781.320781247
906.996385292
1962.68493107
1345.86582613
1184.54976376
706.011761254
2344.63490015
2077.29268244
1603.85075002
1392.93787184
1661.23235608
1599.12603721
1575.48825502
2593.52442781
1591.65378911
1254.99452985
1261.88316003
1377.00514706
1460.41556845
1955.40431125
1516.22993992
2352.52461234
1585.38673334
1679.70207912
2696.57613642
1301.2415988
1508.68167081
1456.9709272
978.293583549
1232.98379663
1501.06074261
1270.8597663
1341.08848049
1848.03115213
1007.15036074
1361.93789971
2387.01822228
2185.9897652
2124.99825267
2169.79374856
2302.5660906
1758.40276278
1941.48415951
2797.9485094
1895.49761098
999.421196307
1399.61695364
1668.9748191
947.680347984
1812.65961342
1618.28591695
1537.3886952
874.548512675
1611.23550784
2485.62402835
1938.09807335
1721.27350841
1530.27721793
2457.98422741
1221.28023629
1552.28879889
1060.5887933
2034.93457677
1462.92149038
1214.0191361
1514.72808545
1129.04722163
949.657928085
1690.92459533
1811.42372653
2779.47047421
2179.374718
728.607927047
1098.06835648
1951.98862375
1832.09230835
2160.48817457
1932.85873243
810.982635517
1650.50371873
1527.39818796
1189.42732979
2683.56858492
1331.912286
2162.49330509
1822.61807183
1969.79422063
2055.3643667
942.397958974
2090.83578677
1051.78919801
1097.72973209
1217.83692127
1142.14351892
2166.52305486
1904.83718385
1664.50041849
1632.05462599
2758.12155589
1665.19429602
1799.67036556
1809.28672784
1762.57228039
1580.11165525
1009.33388674
2136.83216543
2245.7616335
1634.64468266
1785.59717911
1937.77661424
827.226654636
691.833754614
1403.00276728
1768.59956726
1827.04467396
1744.76761967
1528.26014741
2007.96609701
826.616917227
1774.58671007
2154.87493411
1896.21180298
1936.77254161
2637.75312879
1871.67472933
1349.47851536
1091.5128929
1782.93817193
1842.49080959
1753.72080718
1833.75703131
1314.76899476
2012.61361154
1838.39970747
2809.6027748
1458.22937778
2228.47387662
1467.05418946
964.756530188
1785.16564153
1519.8060393
1867.60547369
704.804106684
1928.97578136
1934.49621806
1317.62276912
1266.35641525
2033.0345933
2161.37797309
2483.14815022
1617.70884762
1874.56030202
1256.9311301
2096.53047246
1945.86242781
1292.32408313
1348.89528471
2060.5434304
1344.89499113
2112.64864291
977.104859286
1384.40961333
1561.56978014
586.45794874
1743.45443741
1660.82374176
1765.63127243
1131.73696323
1225.74927331
2012.15406042
1283.59516655
1770.10598269
2078.36028491
1836.96410808
1265.03610801
1852.00953497
2156.25034053
2001.81748309
1683.27119027
1425.69503404
2193.65829272
1339.36122988
1729.86099019
2195.30262366
2264.80027656
1237.4242849
2761.64318629
2026.83832317
1471.32162056
1640.13802587
2081.00379044
1163.48034354
2483.02998457
1979.1432527
823.222611156
1904.19301493
2536.20943321
1740.72435057
1575.45342542
1177.54184032
2054.28492686
1090.54984104
1003.03678014
1613.14970188
1948.82189309
1644.09082865
1537.33377346
1293.12113407
1417.1041122
2175.38642592
1551.78678045
1736.43821868
1680.44682866
1652.28270257
369.461200579
1599.97567975
2077.55592031
1590.89514663
1317.48890469
2503.88800504
2000.51983269
1582.4444291
780.791204606
2266.48858944
1600.31436542
1589.85547024
1068.14366958
1865.6508812
1795.55882989
2182.51836638
837.124236795
1767.74301529
1733.60036411
1683.81631776
677.811161766
1507.91460122
590.060803698
1416.26814429
1655.06439751
2745.94847449
1866.36799434
1279.11137642
502.624020901
1174.15691521
2104.00389654
1787.8324748
1824.16833805
1669.13191177
2194.55292564
1077.32972876
1124.79039731
1801.32577529
2014.93386282
1433.45110162
1869.08981424
2462.73398613
700.458144472
940.656114321
2569.10500092
1898.22597332
1411.52274455
2540.17713142
1430.92518522
1869.09088872
830.650100356
1405.53337655
2184.1466438
877.0435673
1615.48840473
1752.59741912
2153.49155179
1568.99442318
1083.98396287
1981.4950249
2587.85166559
928.484670145
1951.34077967
1410.58784293
2056.85726309
1768.05631042
1599.42282184
2762.38723035
1362.54955578
1136.03191212
1613.57480882
1083.51539109
1511.26785235
1513.58785403
624.924410143
1765.6233945
1049.1219333
1150.35749342
1679.94487566
1189.55916095
1434.66752361
1638.18880489
2442.09582755
1363.60572921
1662.06491578
957.187893362
1554.24321501
1201.33454341
2111.76110429
1724.2961243
1875.29939567
2078.2028434
1838.1235479
1956.10832454
1279.58853191
2803.09153216
1726.48848788
476.017036797
1135.78534835
1638.16723158
2218.29668938
1657.51193061
1622.66362977
1188.35615252
1353.82046511
1173.413764
2453.92890692
1682.41375324
1484.871128
2138.4564737
1114.02432379
1861.05500689
1522.08796441
2856.14574073
1707.19883515
952.897689379
426.103208645
989.900605174
2516.74360113
1817.48931363
1378.68895587
1622.54102776
1222.80598974
1842.73218062
1551.69239638
2246.99218403
1786.08778071
1351.16496873
1824.06473529
1138.10367919
1576.46594168
1769.98751073
909.499164942
1177.8488209
2107.58208284
1786.66138681
1641.08158257
1381.16260756
1938.93003691
1480.67592208
653.556986112
1296.98508613
1580.65375831
1705.69336434
2067.79392055
2167.30731656
727.633107101
1084.08334516
725.773464011
1446.81520584
1599.67452467
1648.86089917
664.065796575
1978.50893356
992.311466212
1059.51141343
1358.69946634
2341.90373679
1100.58477065
1906.39797905
570.820393263
1336.19657831
1520.90271359
2751.17242244
814.274719699
1267.25576587
1636.69263049
1625.85238173
2006.76326124
3280.47428827
1494.63846251
2310.41273752
2138.63438949
1758.39864126
1503.34052539
1558.3374722
1248.56119764
1686.95485147
1283.25548486
1471.08454488
2649.31744632
675.706407306
1346.73151179
2833.17134644
1498.33194748
1078.34290659
677.390424609
2018.19884109
1909.07397755
1540.37923223
1905.94583128
2093.23041757
1737.50815027
2100.62907559
1549.92844189
1444.86549911
1817.04778473
1390.29479394
1482.37006606
2479.32996431
2102.06894262
1780.41000158
1042.89457029
1542.26720732
1691.39937975
2352.94498892
951.439086203
1556.67804451
1250.94859269
1338.38597217
1743.58476655
1929.45280043
1611.13010244
1684.75706852
1093.09348251
1282.95762615
1530.94794319
1686.66701435
1393.63737121
1449.00889424
2352.83384417
961.422009562
2140.74071802
1143.6485902
1109.07308144
855.480797184
1359.33348198
1314.14582446
1001.91952609
1232.80671502
1903.47915709
896.463458979
1322.31566439
1394.51154466
2453.98908233
1404.74540329
993.690795987
1675.57535806
1448.85731574
1796.22514788
1815.71729989
1988.13377146
1548.73032268
1423.12225438
1624.26987376
1336.3670133
1825.64560197
2348.95840234
1042.82761958
1731.46471935
2150.0883673
1742.80409364
1748.28057821
1801.7602339
1539.75528087
1476.25286733
771.204452939
1627.5915167
2474.75440174
1231.32980792
562.043257727
2371.03157347
1400.17546001
1649.66692102
1897.11470373
1119.59635124
2045.18474239
963.271901921
1356.83389788
1136.41764588
1577.22950026
2443.32491553
1618.55916492
1748.48877275
1813.63118508
1749.55760372
732.461553773
1700.18828397
2501.69909067
990.158021444
2188.20918348
1872.63077409
993.094933809
1654.85900615
1614.095626
1075.62899818
2271.2025718
1801.19760605
1737.48212486
1248.09858477
2091.42537161
851.837913075
1671.5899964
1176.77677692
862.524522758
1823.77101667
617.820464438
1843.1626487
1606.39857333
1263.38741894
1635.93655516
1942.63043901
1570.98629224
1787.42001101
1547.74838759
2402.38640048
1057.44989641
1825.90974284
1247.66401627
1913.14741074
1518.38105021
2045.12163023
1417.27411488
1417.565379
1180.3052601
820.646112639
2159.87110558
1926.1891642
1001.2995531
1259.24184356
1434.31406467
940.964772988
1734.05032458
1841.63111158
1430.1505449
2732.84426764
1382.02479548
1287.45492179
2219.66691402
1584.8915797
775.046892574
1795.16380855
998.524499487
2159.50785757
873.535244891
983.375162048
1129.61286448
1802.84805384
1928.72869003
1935.65050514
1449.83961042
1482.56248388
1113.75862172
2092.79448144
1315.40949188
2219.53239796
1094.9791319
2638.97781276
1335.42004087
2101.50723968
1562.72986362
1436.39013201
1296.94384072
1150.45762731
2347.50108028
1782.24185685
1700.11868338
1576.11332846
1800.59661048
1338.04763
1849.82156652
1171.19268711
1352.47968592
1898.75877693
2011.75820944
1049.18405393
1454.33512427
1848.32550503
1783.46936176
1063.80718093
1769.80370032
1887.32595524
683.967032864
1384.96505859
2374.77872202
1151.90727524
2622.13091443
893.437660019
2156.6494342
1127.6286415
1029.87861661
1317.78957482
1843.96164374
1024.00028329
956.111914452
1051.3547864
1317.81392718
426.757985762
1690.15969288
1516.99848686
1370.59232891
1095.03943544
1420.71562544
1960.31977067
1318.54025129
1853.05337487
2673.37596022
1860.45890753
895.61241562
1354.33546836
1907.05841261
2189.84682471
1285.99400137
2057.29888511
898.888679083
2305.89490489
1634.47620745
1669.97603679
1514.44012173
1764.19087023
1651.21845421
2585.50900003
1977.15235435
724.160990719
979.446676986
1969.91309136
941.479096255
1306.2769427
1619.63743948
1396.85061688
1219.52414605
1372.94139487
2124.00461204
1507.29365135
676.468304681
1173.88011527
1250.99230915
1830.65520889
1225.5537429
2254.87257038
1485.82439449
2032.38021702
1224.09525753
1153.37547912
1502.00187238
1736.26151576
2653.47447233
1583.23578386
1253.03501789
2146.74912152
1477.44578842
914.415993116
1080.39514546
1638.35006596
1794.97566853
1306.98686805
2656.14093694
1317.04259971
1564.13710872
1825.19469781
2261.48504664
2639.37109421
1994.61548657
1401.54966524
2124.58311277
1737.65271308
1029.22230262
1457.27389626
1415.17280893
2072.04306557
965.889819202
1481.57024204
2096.27487791
1436.99350781
2056.13322073
1007.73603477
361.305279404
1091.00941456
1284.55343527
1242.27947744
1476.15280486
1117.18731674
1195.35274572
857.35061076
2073.25371186
872.962505327
1663.49623111
1242.66491531
1012.60998235
1022.7859761
1951.72466638
1277.20438564
1009.32086247
1533.5988894
1019.7485149
1158.98618829
709.26396934
2075.64678263
1881.22371608
1453.25397485
933.439728921
1854.77964184
2037.30593551
1333.8909704
930.524479334
1705.86592286
1143.14942804
467.944763489
2032.50811007
1502.7593961
1294.02822851
2269.11545302
1617.32123762
1650.38474787
1347.7103234
1524.69425963
2438.32848988
1872.5303261
1008.49673256
1005.37878656
1159.80505024
1573.713625
1448.4440065
1856.36623372
1491.0649066
1536.87814932
1184.14776044
2005.95581944
1456.28634701
569.641756442
943.149616661
1910.08388259
1232.82820251
1635.75654241
837.797295807
1096.41052959
1503.6460487
1855.52744492
1457.18466725
1532.98300022
1005.90448701
1867.02117114
1884.13449795
2092.27647114
1775.36836689
1586.45237447
2121.90670054
1802.7706954
1710.67979066
2448.33046183
932.565516375
1119.04540148
2131.62960219
954.159582479
1946.9716487
1117.95900326
1783.59440909
1730.29239891
1838.17030473
2271.58759869
1002.93976137
2373.07172938
1356.10177969
1084.30822767
1129.70201183
1873.32044592
1549.14136863
2770.63068457
829.434589562
2523.72725356
1660.47239315
1143.69931916
1990.25968335
1726.39043123
1411.02029294
1974.31833344
1437.33176301
1656.76451012
1697.4383965
1917.5728675
1216.25363564
1153.70971223
2145.79054738
2533.92356993
2131.59800716
1692.56891463
940.101989501
1381.32455048
783.369284381
1162.47148666
1223.13005811
2692.93322424
592.660422832
1360.72362757
1499.95893285
1704.88871172
1599.99985884
1941.27596776
2019.24127212
585.537475659
1840.15984798
1515.75252748
745.307985976
882.022502227
1520.60758025
1619.18236596
960.486311263
1038.63417407
2144.24074439
1363.03576358
1429.07935211
1862.72311595
1382.80778235
1254.06752118
1693.27376288
1983.53683765
2219.05358806
1671.47393346
2117.72721748
1043.87198142
1990.89657341
2254.44657164
1705.7139015
1123.06551148
1726.83444529
1458.44698323
1745.42975101
1695.79829798
1323.82021645
1534.41863085
1641.07932779
1572.72536825
1203.86097463
1956.81939218
1510.33595504
2233.75656029
1765.17665788
1186.56246641
1448.93989051
1819.31323814
1525.53427413
1119.88005908
1568.64358309
2598.75897916
2333.15162951
1162.06188055
2200.621725
1091.40016999
1539.65027272
1421.84936687
1652.25970959
1493.56385624
1366.95856059
1747.84750176
2324.72444204
643.446892238
1819.26566892
1947.67790391
2672.45586864
1751.52394632
2172.38293016
1776.76550367
2006.86634793
2026.25242027
1207.22589114
618.198288112
1216.72607375
1865.01225347
1226.91516843
1722.92273248
1095.5727726
1149.7831982
2204.15093107
1004.6223724
1157.06150746
1936.55313866
1888.15877374
1967.04256431
1222.84332068
1327.19977811
1806.48942758
1942.75854635
1728.33468447
1961.92861825
1102.76980873
2054.93966374
1338.55196191
2074.48109362
1039.38569731
1895.11107901
1171.39077737
2939.79178174
1497.37325554
1025.82946688
923.157112577
2047.82842452
1387.83567704
2295.56788145
1126.2257774
1975.51284469
1846.53986151
878.753753125
956.738496387
2045.89351858
1147.93380495
1518.02113935
2091.92368168
1003.64096656
1837.29860564
1256.57436865
1441.35742929
1712.25916358
1538.76172714
1634.9042749
625.677324925
1587.82064656
2292.15385322
1430.61235594
2347.15258573
1481.21064732
1686.42907824
824.672190866
1907.96011772
1015.52290329
1547.2651806
1609.39919018
1553.15831557
1290.59450626
1629.87796415
2564.23549195
1675.97430411
1126.86912641
2870.7063275
1471.61364299
2036.44765076
1630.0847653
2087.18750753
974.335803937
2473.60343594
1416.35877966
1970.46127237
1111.79937828
3062.08286211
1386.8107189
1664.340572
1444.00339539
2103.4129892
2354.7648813
1201.42543603
1660.84705755
736.462972134
1978.66000888
1212.12396547
2771.12357962
1473.97364866
1340.80751808
1233.96381394
714.686155116
1025.26643353
2211.34703844
1879.5944419
2227.74749217
2425.41098807
1412.622037
1390.9949313
1294.21730888
1753.44142025
1509.49145794
2229.48037938
1913.54020968
1922.065279
902.876804096
721.56371388
1243.61410398
1206.96484408
2175.17960693
1196.71562751
1856.17197811
1087.41880847
1467.35195607
1867.75399416
1487.32741107
1395.44944676
1535.68726868
1405.34521409
1938.01278969
2157.10960734
2774.85648379
1432.20000395
930.970973627
1522.43883203
1047.05801804
1098.96114393
1784.52148859
1340.82651551
1987.37320998
1941.6086982
1284.90564759
2164.03926835
2030.07854011
1023.64311181
1431.69933607
1632.01705337
1052.06960198
929.973102106
1581.72108125
1220.91320114
965.154743314
1143.09752676
2220.67214825
1209.71354798
1976.9028174
1260.59683937
1522.54600907
2491.32614151
1728.60229172
1936.66068295
884.977810825
1559.79174761
631.402211998
2339.41478339
1117.49238694
1595.03598003
2189.71228195
1045.12227439
1332.69515464
1128.03612287
2395.87311395
1740.75912205
1997.11214712
804.638019663
636.440841072
1464.75957203
991.023879566
1965.95285144
1464.87585553
2301.1200205
1816.63652833
1708.36779355
1067.97864182
1788.67997635
1331.89780482
1136.31088034
2080.63101665
1489.52692122
1658.07287767
1472.96734997
754.600489758
2467.12698991
1487.04572196
1083.97825583
1135.54278714
2018.92452852
2618.15242424
1119.20937424
1714.02862772
1587.1008706
770.597185297
1484.54268351
1189.98024061
1694.03650447
1415.1547799
2320.49655289
1793.21546472
1795.74518066
1538.29306997
1704.10178955
1409.60891794
1390.51018092
1804.30232947
2030.54917404
1099.36287808
1513.41768397
832.958967486
1650.50576084
1270.09114984
2642.32253904
2419.79949677
939.063192003
2151.68341899
578.204555658
2233.17897476
1941.30395135
1409.04476011
1107.92972717
1627.61546004
1974.42998883
1503.79325194
1824.50004918
2375.60667639
1251.55016519
1666.73303417
965.962586886
1888.98741588
1588.4034317
1422.8723954
1394.29900695
1643.96501333
1900.52167571
1011.03168586
1854.5227159
1333.92521085
1664.37716703
1617.96608998
1730.93589814
1476.01274504
855.967010371
2245.10095839
2534.13196781
2232.26023113
992.90949234
1330.17231437
1534.14806371
1791.49449722
2301.02210377
1579.27761571
1224.07731823
1114.50794316
1204.96431869
1305.64030692
1186.74798945
1607.28891132
1264.74537883
1764.76122332
1865.41257996
2041.03871617
1730.93580264
1181.54572013
1510.33423726
1548.39327413
2071.61919543
2599.33556972
1982.3495288
2284.46947007
997.032367416
1335.6608298
844.488498466
1671.54023914
2536.26471979
1544.90958216
941.126487839
1831.76487665
1769.93817485
1623.51503906
1795.17820253
1366.06117489
2380.01407488
2476.05627255
1936.36674783
1772.23957489
1110.91410998
1881.42546617
1485.59496003
2177.23141915
1111.49744427
613.015825844
2099.41958562
1529.21761957
1109.76528364
2141.45202638
985.348982976
1454.00449681
1802.48438596
1247.87116353
1635.76760071
1996.43732322
1608.28068638
1482.15916685
1193.76234403
1941.62668533
1801.8623965
1567.15204737
1103.58182704
992.300521754
1341.97956903
1226.45530132
1924.63124432
1580.25794781
1469.72418091
1224.46188094
1508.3652546
1141.49031942
1809.27180654
1316.68535292
901.916216109
1784.16125385
2140.40794753
2400.44074361
1022.8649001
1573.99390896
2127.7889999
1732.82215573
1806.47492431
2059.01616241
1148.63511234
1321.38203878
870.029679375
1145.74719436
1507.67301358
1385.60336571
1643.18155744
1159.07364374
1367.54089861
1368.57428186
1730.05296449
1017.06659435
2012.12447106
1058.14942184
1394.33632471
1309.88331382
1432.18292525
585.032805252
2265.88943158
712.026769238
571.998242738
1761.13979168
1391.34430836
1147.51292568
1130.56221387
1893.60380278
1584.17432599
1506.04530735
1749.23575854
854.724631255
1609.37565422
2110.91992148
1652.61269551
1252.40006014
863.84400572
1751.46777223
2008.4626646
2701.39777056
833.706478516
1494.50614269
1299.68390468
1100.91136911
2279.30253604
678.245908522
2714.17343989
1514.26276781
1148.97748427
2679.69977594
2000.04538789
1647.40403247
1721.17746251
1765.94691411
2053.24296553
1711.44474067
1554.11434052
1941.69732616
1301.06093185
1982.40453474
776.440167989
1348.55035506
1473.2812594
1298.41688306
1517.43631834
1496.21934646
1811.01918154
1926.13104936
1188.54389786
1070.94856746
771.05117244
903.329091944
1031.86165253
931.80734058
2116.22389026
1178.55871331
1387.51179918
1163.07005838
2754.65949624
1180.3168526
1511.03174226
1149.44193414
1925.05371858
1930.28460277
1488.1345052
1250.5897722
1483.06297433
1136.62943492
2872.42437521
802.812204204
1244.97874978
2186.75014338
2321.83057392
1681.38624357
1596.26169186
234.406351714
1851.49162316
1666.63278687
1997.44584782
1599.51081875
998.872946698
2111.27531328
1436.5162796
1733.69479921
1681.14832868
1300.41510765
1404.57496998
1548.1367173
1077.77023428
1119.38956273
2133.04018802
1740.50440973
2464.49704012
1419.52626655
1311.02409553
941.703630211
1562.08590114
741.723566304
1728.28673272
3046.22167967
1417.5416186
1844.3969227
1603.73130477
2073.24490725
706.390958398
3291.93667351
1477.66190492
2192.97684007
1281.09421807
1448.6812844
2156.6133773
2018.06880994
2313.25141938
1133.53680335
1661.62431603
1328.08826231
1504.01531922
1119.60035382
1424.14156788
1473.42968463
2390.68145951
1965.85282746
998.634810683
1718.84663701
2751.93681581
1957.07626708
1424.62507658
1783.92496286
1200.48151182
2172.28654258
842.281310646
623.020615113
1142.25049693
1554.04774919
970.15697418
1867.96091241
1008.40498257
2421.45864745
1285.59504574
1421.29151186
1554.9342183
1234.78585284
1487.99764423
1273.56153517
2103.81037256
1842.60314674
1301.49401414
2565.13407579
1449.10553109
1253.84405855
1070.18139535
1506.41380929
1917.70972959
2223.59952175
1837.88193392
2238.80880286
1254.35617561
2023.92653804
1501.62009867
1400.23115152
1513.84043777
1521.99787444
1270.97327674
930.833802038
2420.44958835
1961.9455919
1453.92282622
2898.96726226
985.606695501
1238.46765725
2200.8876044
843.023420189
1223.28486642
1928.96935371
1347.88079342
1131.31777469
1939.8439283
1763.85601999
2228.06222142
2251.12535732
2310.91101698
1326.94226097
1578.13266986
1235.82608488
1756.71529347
704.726352535
1331.73150061
1128.30529129
1498.31909236
1458.55965878
2747.28945538
1267.45842784
2092.01087749
1283.80421752
1450.07219329
533.058652531
2078.69298888
1477.27874548
2206.61818137
961.906134386
1201.35940267
1636.52932397
1735.83494589
1541.40419635
1168.22535055
988.886416174
1673.87954159
1707.70349616
1212.8888398
1712.76658356
1657.85424182
950.83757458
2209.19012575
2372.45245501
1571.2474726
538.480898843
2157.96639938
1112.89936621
2938.52958037
1313.17941218
2423.47436291
1491.22435909
1472.44283368
2387.16987996
1462.40673005
1503.45640701
2185.12174507
1421.3678558
1643.25766802
1484.8186194
1262.88479138
784.590939703
642.70809192
949.392454507
871.80096279
1691.5036418
1558.03093466
1352.42034809
2647.12557751
788.15396305
1268.43161627
1577.65757124
1623.85820476
1752.87958893
1608.62526648
1413.4135474
1226.73034192
848.527052225
1358.29174392
1429.97666493
2333.1432341
1110.87123803
1587.01649761
1633.87212249
1385.40919007
1237.6219919
923.088088113
1456.84476632
1436.60970442
1033.50522244
1576.33706369
746.398901404
937.623438746
1422.3433016
1346.11250148
1592.44021679
1707.09835141
1822.02039146
1425.97105144
1953.91859117
2259.27439615
1509.49491153
1843.97050876
2083.49987765
967.685391551
930.291611889
1041.83318778
1557.34982112
1729.89715915
1596.8799105
687.413527069
1457.67912346
1771.7936247
779.947251572
1255.09947692
2579.09552628
1970.03045116
1691.48822062
1688.70452007
1967.85554115
1565.10630167
1204.88175259
1383.42703834
1945.18154347
850.080653784
1419.48534278
1225.63213937
1797.03854436
1249.32827124
1534.29918573
2250.20857494
1701.65030828
1523.73928324
1932.31102446
1282.87789094
1266.42996574
1592.16839097
749.804766215
1545.2080466
2370.21944383
1286.82619607
2307.27937567
1813.02099551
1326.4488398
2030.3395608
954.611566126
1029.42168839
1972.34143731
1560.17663413
1410.55774112
1368.10782693
2211.20123881
1853.14614156
1663.14300603
1297.28414556
1724.199118
1659.8851976
1548.46981272
1704.79652522
2560.10588899
1023.20526822
1661.35545942
1710.65376705
1219.3596824
2038.7735259
1142.09489486
1154.57632391
1059.07371116
1223.65164395
995.026679116
1213.54279779
1556.12652436
2636.01749332
2049.50194519
1258.71579716
2899.72628276
542.50772892
1590.06903284
692.942021824
1246.69947141
440.254567159
1256.5998083
1308.69021914
1258.19993551
1457.98939583
2754.68018822
1232.50239904
1369.36353988
806.874950857
2288.43361965
1710.37926195
1597.24294168
1477.95009894
1148.2550011
2423.71376558
881.782088198
1637.59285823
1095.48277294
888.232485541
2701.0591649
2069.41864692
2140.6285797
1512.70277522
2812.33215465
1479.62726077
1731.0318505
2304.27454276
1049.89940247
1346.16990816
1386.80853218
682.345981908
852.343134633
1158.33487564
1726.05105624
1381.38650679
898.429347028
1956.15984151
1141.2764672
1785.87269725
892.708234983
1330.2532222
921.810910662
1416.066197
760.417942765
943.982076793
1923.12056684
2398.47594837
1472.32829182
682.198640804
1068.70180197
1402.66551121
1706.25350137
1847.54621422
1186.8676348
2218.92603572
1692.37100702
1985.64744111
1420.31612045
929.918134658
1146.98873612
2073.82431141
2391.14878844
558.215565476
1626.16321067
2154.35428638
2246.90160928
2178.78323616
1455.85236754
1554.31394288
2054.49283106
2406.21457834
1072.97290575
1222.55896995
1381.92363585
1888.37608053
1371.28353817
2035.66378113
1051.965236
1920.99666835
1744.85130016
1242.22205099
1020.09044643
2075.43815689
1205.4838089
1556.44798462
1497.25967542
1355.41275378
1533.40429735
1705.07818432
1336.35354754
1426.61626682
397.849400989
2036.98432841
2196.69441298
1497.72513399
1738.63571664
2434.7934208
880.395546764
965.524212617
2344.19068918
1266.89998567
1561.16830712
1438.82478562
1116.43823243
1075.96630113
2429.50055113
1606.22639054
1984.97442827
1736.05446925
1420.36902998
2475.86629854
1249.45742093
1192.92392729
1664.22986555
1758.94026332
1385.36067403
1518.58349462
1051.31141815
1624.95235216
1025.34111904
1439.0385925
1690.98980417
1557.84508662
1464.19383392
1849.9440474
1522.74006441
1651.5265505
823.610228883
1015.68146949
1850.71415381
1186.31664986
1381.76762025
1807.1313915
1816.16161574
1213.03700523
1776.42429526
2005.11398816
1110.43778802
2089.06987913
995.628607919
1380.41085704
1408.11179059
2502.45206183
685.878721435
837.78218936
1387.47495566
1167.14900288
1237.310062
1609.22586294
1143.14390866
2235.19574845
812.746400264
2748.95462383
1621.92129372
2068.38383216
2599.38170379
1165.18473176
1517.76348209
1493.07386567
1504.25953703
1623.13616211
588.575332362
546.290434833
1060.60591358
1841.03198341
1184.64973123
1123.13868804
979.478344731
988.515765716
1137.02546539
1396.85507919
1046.39239614
2259.82229557
2703.40669597
1019.38738424
2112.85292457
1373.14090938
961.80602276
1722.03265183
1066.89013541
1843.10103997
1408.76088013
1466.67081704
1068.54193328
2717.42686307
853.120549562
1203.7045376
1608.30929512
1502.45554707
1732.63210524
1370.40594539
1957.82197965
1586.68473655
1560.34126428
1181.15638373
1353.12419478
681.839277768
903.221636196
1126.9243925
1685.99582285
1247.31419486
990.528442481
1150.55148253
1849.46382952
950.482724427
1065.01714747
1718.41805244
2071.36748745
997.516625419
1645.72968481
1688.13766154
1579.73058071
1963.98599284
2137.22416611
1079.5605725
1636.99245748
2070.24585596
1527.20379674
1312.31603139
876.292135978
1627.66533626
1271.85807194
1881.10843517
1415.28415487
1990.2942107
1347.23822109
1064.39271672
1059.47490342
2434.34678715
1969.76414644
2280.22089771
2726.96684303
2323.40793007
2352.96161908
1800.67101316
2137.75261233
1066.22665992
922.974724934
1388.25579929
1191.99363502
1420.5415993
1379.89599723
1247.62362608
2486.0070624
1346.13952362
1637.29288973
816.806235775
1396.19129408
2600.79987524
1571.35075317
1321.96136702
2183.50296219
1723.63356462
1765.82485329
1413.57548429
1214.25325173
2190.2150703
1112.73301647
1374.94262497
1043.1349216
1022.44771699
1839.96630514
1473.71239601
1531.39553946
2005.25606615
542.056590223
2250.88623859
1023.43097503
999.171843865
2004.87817371
1263.11216999
1533.79909915
1125.64620904
1853.68929394
1538.2114957
2124.12803202
2602.5098491
1277.79096938
443.757707396
1503.23990142
1662.41380609
1854.75955615
1710.85785386
1080.76002076
1360.7586533
1403.65992869
904.869151218
2399.88327521
1322.41664154
1792.93803456
793.638309972
1683.9446137
3287.00175294
1522.10979339
600.262590843
1503.25236082
1988.62287783
1228.83282092
1703.82808819
2001.21666885
1992.74436106
1965.22192093
1630.25462234
1132.91852261
866.883169659
1280.97700451
2089.91692816
1483.65273468
1816.91711595
855.784927529
949.209368185
1443.99948994
1554.88207746
1572.22821548
1133.58240679
905.344882058
1478.83890331
1602.56234306
1135.74207867
877.648764498
1371.5923432
1874.15433646
1714.99212463
2088.14735513
2110.10038968
1123.56610472
1273.73307242
1998.83542789
809.757665611
733.965601439
2372.86570341
742.738299655
1179.98813487
1313.42258565
1449.89260464
1671.02362267
1567.47880722
768.835712174
2215.83904948
2616.33765047
2131.63647576
1854.46649666
1948.56079945
1454.43314247
488.357905498
1077.78786213
2167.82956115
1251.45679918
1388.80920185
2090.32031601
1455.76705097
1721.88966194
1684.07557498
1175.48505235
1442.6102637
1305.62327205
1634.26917082
3041.41289399
1947.54350063
1918.68109733
1268.36772981
1892.89116136
1883.46681522
1609.822429
1741.95362164
2059.95873032
1734.52077144
2777.63057037
1923.49180764
1736.31199711
1852.4964428
2058.03702624
1694.24896064
1616.10673025
2031.51104667
1548.97637709
2244.81122728
1265.8274683
1823.85400199
2038.19076654
2175.41975784
1526.1355915
1413.28837123
2817.09570238
1571.58681908
940.447932674
1424.65881965
1810.8965118
1325.82004951
1722.15295043
1057.57382075
1522.19415754
1548.22065968
1156.94160206
801.949005828
848.432970084
2282.3414193
1527.64685646
2333.61558812
1994.59636945
2069.30909504
1110.27810465
1230.70779943
2052.75224989
1436.50060187
1628.75903355
945.948910749
2123.28452485
859.122272757
2000.06860471
1925.87689517
1749.56430958
2952.65358064
2016.72469766
979.118965597
1440.59199358
1146.89441861
830.9769994
1637.41883079
1186.68456952
943.493010851
1192.14895124
1163.17376627
1849.25409671
837.988408288
1224.3574555
2106.71556045
1777.03962085
1261.45004527
1450.63397386
1589.38417051
1906.22391493
1123.33602279
1351.32301985
2144.49747373
1138.00568061
2191.73199166
2002.88733496
1649.98764514
1232.09750971
1650.54257363
2146.80504624
1444.06865036
1405.17255761
1745.35611331
675.273458953
1370.74104308
1253.87628495
2280.63937417
915.573981949
1907.62659825
1512.994786
1294.41199839
1958.22096197
1640.93144279
1578.88307809
1761.65018855
1600.69995038
2029.62957825
1089.14120759
848.369487884
1723.96792694
361.014086193
539.004518951
2285.14029153
815.401520555
2451.29754532
1509.45200739
994.709905851
865.392298048
1768.07161666
1114.79425685
1670.19173972
2002.31693352
2718.07365749
1085.64726248
1905.44855013
1211.62725402
2026.73411123
1096.65428311
1970.39033075
988.347649279
1400.02051816
1765.75651446
2165.29341634
650.655787342
2097.57820914
1046.2585672
536.265060402
2058.09303765
1364.81070358
2277.93931751
1636.72607442
1640.93509337
2140.00744781
1570.48180062
1606.74608026
1673.66936141
1800.67986547
1770.82093598
2276.67036347
2291.76806169
1233.73779321
1702.26664902
2000.96027929
739.423663113
2537.97903112
2089.00135834
1313.00443565
671.335467254
1250.81400743
1721.12509654
989.147023162
1467.52052069
2198.73153897
1023.87266957
1641.31736742
1907.99761605
1824.55492739
1454.44231431
1487.69785674
2029.2659283
1965.2586874
2191.47163436
2145.43010478
1688.46165879
1612.03945801
1032.00704933
1864.22373553
1512.65577613
3059.25756999
2025.43781878
1676.44377616
1600.04265565
561.90468003
1932.66907126
1168.97041666
1214.75519848
1004.64118334
1223.00162636
1476.17439909
1125.33052713
1553.40449735
1178.06437679
1161.86333152
2092.97273894
1800.78376606
1407.62722161
1523.23035381
1612.23816156
1453.69459574
860.23393142
798.239350543
1580.25497652
2144.37010704
1888.08603864
1144.7975978
1618.69559801
1271.18229197
790.274210063
1802.94263025
2644.85199249
2646.01069488
1298.81074341
2039.38806652
2416.12849155
1391.141666
1784.73518158
1608.03082636
1517.80551011
1645.22422678
1073.93533508
1393.43222919
1883.58508225
1740.48038933
1504.11028484
1596.40346568
911.975613036
1744.73559054
1412.05257613
1619.18011725
2880.35277825
1884.8470525
1295.68670847
1568.00967976
1628.62154766
971.493393886
2894.74872552
2307.23210036
1387.5262247
853.297015763
2836.75479488
1507.27342075
2012.07947142
1053.58827834
1270.54527665
1776.93733518
1807.41119026
1240.01833319
1906.61305329
676.230771012
1943.26262691
2106.10587492
1175.23847187
1731.70036354
1984.59732701
1815.06586535
1673.94621828
1641.97000147
2624.04427505
1445.45894085
1272.42213578
1461.08451108
1981.8291933
1315.284168
586.069974561
1853.16435603
1093.54913613
1604.26188272
1299.38807531
1407.6122506
865.691265843
720.09013803
1327.84420874
2559.79944836
1593.57578562
1085.21090367
1153.29517919
698.846751033
2140.4866347
2001.50903543
1953.80015714
1926.2584052
2200.26556658
1589.0772517
1709.93709145
1112.2220576
1626.85188843
2221.32670522
1214.21472443
2350.5271618
1429.37449197
895.785277422
1746.42018447
1204.56528577
1367.85877983
1868.58508382
1646.78703534
1207.46054974
541.97326368
2038.44289131
1372.61509657
1872.2101719
1506.58159861
1994.59640792
1561.47903751
2201.1168772
1699.87697216
1222.09695412
1840.42315554
1526.9102446
1194.90572797
1531.29339302
1292.22320873
1717.29953922
1555.43688551
2230.30842019
988.066981092
1157.56949053
608.128653006
1357.50872197
1201.7583893
1492.35312749
1804.10819097
1440.99375806
1842.86572574
997.97020186
749.204822522
2203.80504881
1527.83677637
1366.51428548
1198.15621535
1894.74075116
1520.91526249
1052.25652089
485.529192611
1150.37432709
1795.58768177
1226.23498836
1269.13962089
2196.08693806
2438.69828812
2157.54142671
2680.3255907
986.995663968
1388.20771332
877.926743191
1944.28905789
2471.48210092
1853.95484887
1499.20578034
1580.67138571
1398.20276429
1832.59238558
1530.70171038
1372.97161848
1269.28116711
1537.08690594
1166.1749131
1485.77785885
903.586989885
1295.55915638
1020.30170106
1357.05200523
1561.33265184
1659.93339327
1935.36445152
2208.58863836
2397.1726556
1806.23658031
2386.23755649
1426.90162093
1302.64993535
601.109699021
1868.86944622
1369.11877279
1314.07280909
1962.32531194
877.354246828
1470.17734421
1664.71852695
1155.20199522
1334.76220451
600.384179088
1383.81467729
2269.66812828
1525.7397865
999.782728767
729.086994981
1128.21510127
1035.53583719
1685.68097154
565.857537029
1676.50486612
940.609004412
1250.66747535
1851.46234372
2337.19995148
1249.16984824
1456.06185113
677.863077536
1599.30014766
1674.00506236
1520.28010891
1505.76612475
651.587763175
835.832502238
1405.18218364
2374.78698787
836.272245621
1708.97429689
2440.92644734
993.030317888
1324.06242174
1687.60509107
2254.5348489
2798.45104203
1136.1227835
795.977364955
1923.96649292
1458.05882444
1997.15887124
824.147039974
1883.93932407
1911.90653652
1569.07812953
1195.08106553
2395.37866321
1488.17142479
1666.7119329
1024.72251374
1049.61921054
1396.57905368
829.487557413
1698.09545482
2082.52466135
1908.90534316
3163.16725554
1177.84910927
1827.16976399
1991.92480503
1766.00431079
1110.15155086
1754.76166951
1564.22618826
1450.00688698
1996.85785902
2203.93318238
578.135345076
1737.07851169
1086.30042382
2109.50237844
2160.16599557
754.236167795
2145.66249227
1981.69551705
1428.33038404
1429.41457589
925.788837607
1636.90911494
1086.94187897
2272.59160175
2272.83362224
2633.1563943
1979.14051185
1646.96460687
2171.91463131
1634.01229267
1396.37502054
2358.5701783
1505.76056733
1729.83798002
939.092403907
1587.88176954
580.387823195
1045.58250575
1172.57326862
1328.6288184
1678.60037872
732.866083741
2067.0147152
1162.04167869
1780.73466686
1538.32620695
511.465637342
1987.62591849
1960.52951789
1492.14344989
1991.42868141
1391.9299814
1426.86064879
1384.31207851
1495.18649339
1463.31592674
1327.54950671
1454.58944702
2065.57466881
1679.36544667
1838.22333657
1038.67108677
2180.07664138
887.875571047
1758.63303347
1635.04879768
904.1173645
1968.60603829
966.261763126
1046.04063638
1396.41658768
1640.68670393
1566.14065994
1111.20074688
2283.35365318
2476.38501728
1799.41987291
1069.68562595
1991.09770385
1731.15725881
1461.17666158
1312.30805045
674.545871202
1493.54832129
1665.35818049
1260.5799067
1786.43682033
1368.76791576
1175.43409496
1444.66416368
2019.12539239
1522.8984521
1819.41745171
1776.90534238
2227.60520425
1802.02731266
2367.52093398
987.698708694
591.829049446
2213.26480779
771.1370396
1530.14503166
1485.9223454
1839.10748601
2254.07222635
1339.78610138
2054.38895905
1251.25174214
1083.55311345
1210.07965928
1506.58329408
1805.57154293
2035.79097396
1738.43410239
1899.58022223
827.458186017
1672.8425715
1926.94180243
1531.29565705
1996.5217462
1235.81006069
2338.32299739
1625.75303257
2151.62306133
1958.89184577
1085.98374885
1614.05302679
1651.04714431
1500.76124234
1278.39369884
2403.24873306
1295.87702113
992.055304997
1328.96805402
1054.72538877
1165.18328148
1310.69595001
1362.68333047
1935.98629452
992.692716299
1359.14969136
2537.23563752
1348.16022308
1533.06449642
1913.42398837
1190.27944371
1201.65471391
1937.93685922
1535.08720254
1369.14981779
1110.76469711
1011.36017223
1956.48752449
754.12524047
1644.71539859
1668.62538596
1742.84146936
1857.81935206
2046.07956947
1566.74575773
1113.3095901
1716.21729097
2050.18447224
1392.9069527
1714.34736271
2115.65176667
1789.55738279
678.510175435
998.556186202
1970.64610849
1596.89953705
1638.56507509
1565.08975183
1472.6457602
1609.94863675
1483.05357475
1838.39915917
1533.69627505
1707.76164374
1714.1895044
1070.86596466
1313.84015563
1147.04722117
1858.46715184
1911.98503971
1899.3858912
804.509465426
2220.39856915
1800.48372025
1162.94974693
1394.40731665
1355.21628193
1019.55599965
2056.85115817
1572.01424676
1469.65300374
1610.78558402
1382.17951143
2056.58118465
2328.60329514
1608.86556961
2076.85035593
1439.56626596
1479.99281268
1338.55567253
1330.69974469
1003.25718124
199.754446558
1695.23755356
2598.59140107
1004.16151292
2124.74518752
1750.84090697
1863.77056031
1722.4360586
1587.34675367
1406.97226483
1124.58794891
1726.84502482
1804.96748737
2151.37979269
2680.28950646
2111.93419847
546.565283029
1401.60401773
1480.48279317
1838.21278558
2108.15365438
1752.67193744
1011.89874277
1641.91930303
1392.37899217
1732.80449583
1704.85185921
1115.30569697
2717.91782841
2200.72555395
1853.83498718
893.545178384
1119.85241643
2259.08182912
1597.66893826
667.489588811
1578.70479029
1017.84295493
1272.12399343
1371.7058265
1872.8651213
1336.26547312
1245.39707262
1183.04833214
1753.26108594
1869.40293392
1854.92404228
2205.70239909
1599.85195063
1836.50976813
1834.16487755
1749.27666047
1317.43042011
1923.5676458
1753.81902232
1176.38893076
878.279737079
1061.5405673
1309.35474818
2273.87361818
1967.33841707
1516.30475289
1848.89063714
2090.52242422
2271.22373813
421.866765126
1117.50695009
1452.49761467
2659.58160922
1596.67794207
1578.80884234
2269.40483283
2053.7015613
1835.75349752
2043.53344377
1603.80764351
767.919213007
1734.51180779
1564.89421562
733.513370275
1411.04899792
1599.56881927
1581.41327259
1806.91052315
1453.42016053
1575.24249286
1650.31537143
1646.77328356
1022.06531765
460.550778382
2862.7469691
1669.97356833
1121.43361915
1552.82078587
1065.19394451
2327.40491606
1710.19999604
1474.69975371
1336.39758195
1275.78673226
802.067746875
1957.08478791
1892.69712786
1451.40472682
1453.79257659
2447.04630974
982.647609516
1514.35582361
2073.3464032
1249.03630191
3258.77785582
2012.67003998
1088.9636191
1899.37383729
1188.91661697
1808.10119952
1001.1719499
1184.96096784
1834.13234547
1261.2394663
1858.08044516
1174.78083069
2168.93868551
631.979109086
1679.65290084
1816.4888555
687.230519475
1015.90511859
1608.5468407
1060.53080239
2996.0160626
686.776079349
1108.89561513
1404.02479777
1268.12895617
1163.30606235
1535.89869584
591.684925668
2456.62850906
1094.15237311
2751.09061113
1157.16489923
1536.40619511
1087.81871111
1578.34655125
634.436504279
1527.38461079
1708.57146312
1561.61611627
1716.41088377
2072.8509475
2570.59076198
1909.12313603
1007.14807559
2008.24466884
1690.91500984
1478.16773749
1288.36309446
1288.14043258
2059.01075383
1428.80576617
715.45031422
1547.44248982
2439.33033834
1256.60089096
1978.12311298
1960.8525193
858.090623935
1949.87354502
1118.27315151
904.971701232
2228.20455307
1786.80576143
1205.06966175
2687.17893714
759.279602099
2453.94263904
1198.16780949
1285.92567429
958.670679294
1539.40019058
1047.79921548
1949.08002965
1934.9282922
1227.54040382
654.425536607
1468.96094461
1909.74343763
2268.0449235
1880.92151805
1135.39633971
1735.83310219
2507.57301149
2176.02856729
1752.35351173
1663.68797822
1266.76694391
1508.38191096
2036.41733853
1698.01479315
1338.75415762
1430.86001265
1585.14776559
1705.71668386
1095.53695606
1873.78409892
2452.94327742
2006.92041708
1882.26225082
1603.74387015
2261.50783832
1301.60910396
2013.70184008
1400.42142466
1438.98977339
1224.03655163
2227.70527434
1507.71726803
1907.19996949
1946.15416759
1962.43760608
1456.05779419
2157.73503615
1731.95996809
1797.22079702
1060.99346786
1778.96206065
1498.17885886
967.23841445
1600.89868236
1061.65418733
1772.54771514
1036.71909587
1637.61787581
1127.82892881
1447.61134803
1305.69127853
1374.03631202
2029.88234925
2330.73484058
1450.65519609
2020.16250423
1706.09516402
1539.94873693
2561.12751274
617.300619557
1611.38667706
1281.50023237
1930.53435312
2312.61912033
1054.68229001
1620.55078772
1772.27519303
2759.62310156
2294.35349736
1211.89671334
2139.93248735
1088.50921868
1368.12844802
2428.46618272
1916.8690731
1464.11235739
2674.17597779
1271.9609848
1383.97340642
883.641953795
2054.54656466
1563.35599751
2054.10739526
1116.22352629
1093.8290205
944.255278579
1583.65492859
597.636495152
1596.34791793
2170.75391925
2384.01553487
1456.12395654
2349.43626849
2542.99095832
1896.2435213
999.612906758
1594.08355139
1826.33872604
2226.07547505
1475.84619716
1216.28863687
1190.52457313
1478.24890893
2588.86825177
1428.53493786
1134.39696797
813.090015945
2450.48151855
1806.43339523
1571.51833139
1392.20661529
1830.76605603
1845.46648549
2481.31756998
1354.70687586
2237.61546419
1119.56727591
1220.64875948
2423.98748833
1664.74307091
960.017288321
1672.81053963
1918.61251154
640.267762283
704.77962598
1067.90557735
1695.27813175
1925.31394385
1664.95109107
2670.08037371
3042.42004812
1537.50469958
1297.40687643
1976.40218904
992.934663114
2235.20672701
2030.33041754
1065.75720533
1358.33240462
1444.3068306
1518.79089625
1326.85464003
1940.29077458
2517.42180951
1368.03607919
1413.52904744
1835.12400054
1918.33231605
1520.87628106
1444.28680149
1566.94424221
761.727424778
1457.60826375
1566.32623943
921.929429222
1356.22405091
2980.4828341
622.698176529
1655.67542104
745.7323909
1511.0461745
410.954996662
1705.8121952
1438.74759049
1532.70765153
2418.20268624
1845.62413174
1985.18182769
1520.95122012
2910.52007283
1174.07472839
1672.41149584
1047.57210629
1582.89033236
1852.46259058
2237.01602163
922.730917078
2793.81844856
1569.00590314
1181.02942595
1084.95985056
1015.82669918
2303.14508858
1476.85267734
1463.75017904
1913.17126938
854.778011908
1705.87093153
1387.99937239
2466.99306721
1486.74714639
2221.51700467
1938.70694177
407.966541099
1652.94303838
1146.79741458
2320.58650105
1565.68514626
1477.97895237
1629.97563834
1569.80621285
2620.72191788
1376.83115355
1374.94198091
1255.88240881
1651.55922144
880.638511185
1989.06288239
1602.29520569
877.947660089
1944.91853091
1572.22477931
1659.34340928
1944.64693932
1407.72598983
2138.55171108
1486.28173367
1414.46691382
667.296004081
1264.75879809
1715.40073655
1150.65722675
847.93709155
1210.44390743
1623.62104937
1416.21350294
1170.13446976
758.422970044
1822.91158188
1529.74224466
1190.04190769
837.081422174
761.796450486
1440.31541014
1168.41810761
2736.87566726
1458.8011716
1190.95334501
1359.95811993
1326.65653832
955.821929876
1691.10576229
2056.07276419
1249.13975931
2067.82850662
1718.44294971
1985.3843769
2250.02037228
888.241686869
1545.16741704
1739.89262888
1436.69559595
1583.48550811
2161.12137957
1836.80564843
1677.38835747
2078.89006697
2027.93124732
1079.18607359
1683.24902608
1405.50682978
1820.89422783
1443.17831818
879.052322451
1113.47166316
1286.20018843
1886.62778737
1246.26427374
1772.78661617
1942.18669006
2789.22676045
2029.07711245
2475.32404289
1360.52607805
607.032904655
2010.36390125
1558.63251837
1799.85234683
1120.5006346
1373.0675327
2738.62113944
1703.22465483
1342.04660697
1190.54564719
2321.8473365
631.003550074
1782.08619596
555.741450701
1487.44039361
2142.63254594
1430.96343978
446.222069854
2487.17285966
1989.17469348
1586.792906
2165.89929284
1478.5504127
1849.71011497
2079.63053509
1415.13430166
1220.64353398
2360.92626392
1571.18752753
855.536888757
2344.640041
1895.52217504
1480.83261025
1680.9655953
2917.57678045
1799.54240627
2131.40233367
1915.2745465
1694.23394962
1502.05885857
2239.29215799
2062.90970574
1132.81411465
1159.06721368
1220.60467488
2288.38086491
1232.932295
1197.72108438
1488.35983637
2899.90109387
1639.43540391
1329.80495908
2588.7846319
1203.5867738
1365.10019357
