23614.21994
24095.66006
23778.97106
23636.50784
24057.8822
23662.09184
23872.44578
24328.81838
24059.35904
23941.64468
23670.43172
24500.4959
24091.17026
23616.01424
23794.35434
23385.4721
24161.43326
24063.99596
24402.6353
24135.91754
24033.1163
23645.78924
23317.91156
23631.9026
24284.46914
23603.7764
23604.94814
24015.65606
23802.2012
23995.07744
23971.4924
23732.60072
23914.93964
23683.70216
23767.68584
23710.25138
23629.26644
24082.15484
24561.06392
23596.6304
23743.33526
23851.2743
23710.73582
24006.8999
23425.4867
23450.79446
23573.831
24126.40712
23790.33572
23559.87044
23649.97508
23531.65658
23904.42716
23697.54914
23955.84356
24051.95906
23562.58058
24078.62336
24324.84668
24292.19414
23633.62838
24178.11434
23508.4241
23862.6434
23660.73206
23715.7073
23773.86326
23861.52428
23927.22152
23201.28602
23986.3928
24164.4008
24081.52694
23828.9441
24147.65222
24209.05916
23937.17516
23432.1563
23994.59564
23937.57152
23608.85204
23826.35612
24457.9052
23874.4337
24477.79766
23859.62246
23947.86338
23810.12234
24197.38094
23886.29768
24079.90898
23543.46566
23499.04148
23881.514
23694.41294
23938.74104
23650.5515
23623.20752
24301.0652
24032.10914
23574.36848
23577.3524
24200.83952
23919.88442
23716.67588
23964.77618
23812.09856
24079.23566
23811.89312
23542.54874
23614.70054
23475.02348
23559.209
24383.8379
24406.00316
23573.40398
23702.51192
23888.75594
23988.42722
23813.42312
24039.51716
23934.68258
24265.93982
24075.22034
24191.08694
23992.70606
24024.7301
24162.67292
23657.60006
23824.73264
23697.56858
23320.99202
23785.03142
24237.26702
23812.08506
24025.46606
23955.22868
23661.76478
23835.97232
23205.47498
24045.05156
24034.26218
23905.24646
23535.88016
23972.51264
23858.6723
24181.54646
23867.0
23655.91604
23880.34004
23442.24692
24009.12416
23909.51702
24060.31886
23395.59386
23556.50288
23522.71292
23849.92328
24200.34476
23521.18646
23856.7145
23947.73336
23725.49048
24154.62212
24236.55626
23731.93064
23859.48218
23692.00556
23727.05558
23689.32782
23555.53952
23569.6496
23494.93214
24179.94596
23670.70244
23635.95074
23506.47098
23904.0287
24062.0885
23268.41108
24037.8692
23657.71748
23607.85964
23541.6179
23648.4764
23936.46998
23862.60602
24001.09394
23700.94424
23560.3811
23418.24638
23987.79074
23519.31194
23970.00434
24388.58984
23779.3337
23742.39122
23509.16156
24426.87644
23328.64148
23634.18524
23768.72018
23947.93148
23974.24898
23602.93388
24367.82918
24372.54554
23436.3521
24021.89462
23918.42642
24153.79784
23299.74722
23564.61062
23778.66332
24054.29948
23787.34544
23893.53344
24005.00936
24180.57896
23770.09064
23733.46472
24066.63272
23710.68128
24698.85536
23691.92792
23848.436
23560.53836
24117.93848
23951.19548
23653.03796
23948.8883
23898.39716
23320.00706
23871.0917
23822.26268
23832.62354
23976.99398
23806.35428
23566.30766
24025.427
23455.5257
23663.35448
23818.61366
23711.6117
24241.90508
23561.92064
23899.19432
23725.47602
24172.54064
23501.30714
23586.90038
23987.82296
23657.05376
23931.98084
23926.61126
24152.61896
23906.4785
23658.94412
23864.87654
23776.78784
23210.10782
23318.52434
23408.42156
23948.40638
24174.97724
23464.73102
24018.5834
23679.1487
24300.6782
23832.13034
23676.10898
24100.82678
23744.65208
24049.63772
24076.88432
23997.16952
24093.75584
23605.94804
23941.23662
23965.08584
23763.90818
24300.07118
23742.17642
24058.47404
24089.23046
23764.74638
23438.61572
23637.70112
23824.7099
23596.6307
24071.3777
23669.63546
24181.24538
24314.59688
23526.28724
23742.43514
23385.22838
23973.79022
23735.16848
23829.26732
23794.82414
24217.49528
23705.5118
23793.92228
23842.87046
24148.16942
23731.28498
23979.4406
23806.15748
24203.2436
24004.5125
23623.67258
23514.34232
23307.69122
23657.8802
23607.37274
23529.25352
23683.85276
23789.9054
23918.95394
23826.09038
23712.87566
23462.46536
24066.44042
24381.69308
23439.11792
23650.65158
23822.2961
23660.7974
23951.05826
23609.80502
24092.39204
23841.61418
23880.37856
24083.54636
23966.5256
23329.79936
23838.94886
23879.11424
23704.66274
23584.87688
23801.33642
23389.0898
23796.77282
24039.84128
23438.93612
23754.61316
23770.71458
24024.99188
23565.49406
24087.88736
23617.81556
24130.73906
24132.73964
24728.19914
23673.83612
24094.76006
23787.79658
23613.22094
23568.002
23880.10784
23935.12058
23557.55204
23566.8995
23866.73582
23830.88912
23835.12362
23557.82852
23923.59668
23597.91908
23625.76748
23865.1367
23477.09402
24208.26206
23865.58034
24051.09374
23569.5656
23922.67496
23897.09336
23861.3354
23863.75682
23645.98814
23798.34824
23792.2127
24016.68908
23784.44654
23949.01178
24189.65978
23744.89196
23681.87792
23903.3315
23477.70284
24000.06986
23711.1485
23723.2529
23589.66308
23696.65664
23834.65022
23495.7407
23667.0716
23927.63282
23726.9963
23459.28914
24102.67544
23515.32962
23456.48738
23767.98446
23949.34724
24068.41652
24086.55074
23549.54504
23774.87174
23786.50442
24226.12994
23777.69948
23939.72096
23737.6772
24067.74878
23873.50214
23898.13994
24037.7183
23954.39756
24044.63762
23655.6032
24252.25346
23961.9833
24141.86828
23677.9292
24088.8779
23995.97138
24071.8265
23618.9177
23660.93504
23857.07114
23986.41608
24058.96118
24203.60234
23788.1801
23991.14408
23549.87816
23521.48274
24011.51582
23829.24764
24183.37112
23623.00724
23754.85376
23545.3814
24036.38114
23598.75326
23762.56778
24502.66172
24101.35874
23874.06914
24238.2767
23883.2873
23702.06924
24455.2073
23696.50562
23485.8695
23895.52544
23706.96362
23458.40276
24093.7043
24038.89496
23606.0303
23505.18152
23694.08942
23692.8032
24289.58978
23677.89092
23447.52938
23842.96448
23880.96938
24020.31932
23053.43804
23773.07918
23719.97912
24226.87256
23851.1477
23431.8551
23941.89608
24196.25342
24092.39096
23411.7242
23755.7972
23804.2508
24204.19166
23289.833
23570.33462
23945.97962
23338.37324
23464.66592
23558.06528
23654.15606
23557.8902
23826.63116
24016.85024
23684.13332
23534.65076
24112.16942
23611.95632
23761.6781
23543.1113
23994.70238
23965.3193
23532.4364
23497.26656
24096.50774
23557.79102
23693.1575
23910.23948
23509.9334
23643.99422
23783.33456
23766.92828
23768.26346
24227.4722
23866.92452
23306.31746
23498.92934
24056.92742
23979.58778
23911.44956
23866.26632
23894.99198
24115.05464
23504.77478
23755.11176
23465.44568
24072.611
23617.00136
23872.60814
23930.79956
24339.02726
23908.72016
24089.12114
24260.67302
24041.07632
23714.92052
24386.39006
23889.86264
23907.3062
24361.79654
23885.69114
23929.00916
23896.02446
23862.18998
23917.20614
23535.62966
23808.42182
23889.881
23882.92694
23517.72404
24035.6546
23869.23692
24287.40956
23966.9555
24038.54348
23886.93878
23543.92076
23920.60754
23741.53736
23985.1133
23717.01326
23945.99018
23784.70196
23769.97364
24009.45452
23263.1645
24231.3158
24091.001
23304.35384
24001.20104
24237.7673
23820.51734
24177.1028
24069.52922
24184.61936
23894.67224
24262.9133
23686.451
23564.93228
23843.882
23689.29668
23933.67284
23642.00714
23550.83834
23912.25044
23696.87756
23566.33052
23990.90966
23973.59894
24082.5161
23632.37966
23682.9557
23584.42484
23817.90266
23463.23774
23620.46714
23288.71304
23605.79288
23713.59626
23597.03942
23643.52424
23711.8838
23506.59044
23657.22818
23840.12942
23903.07836
23391.58286
23899.79414
24064.70276
23580.71312
23868.63374
23765.85266
23817.45566
23999.51942
23856.18206
24366.52496
24519.61658
24216.96752
24067.5125
23794.29506
24002.18324
23920.3541
24118.82804
23882.62352
24031.79966
24016.10894
24120.58856
24050.53664
23584.37114
23590.9193
23467.52492
23988.23972
23693.0633
23791.2008
23466.78464
23919.84878
23684.85926
23930.27504
23615.20934
24011.95616
23979.6422
23761.7957
23772.00536
23714.5922
23686.31414
24369.99404
23547.13244
23768.92592
23851.21004
23888.05856
23716.44182
24054.7502
23753.2196
23838.99944
23918.58002
23888.6279
23389.3499
24049.85138
24236.15048
24004.41818
23592.96308
23644.81538
23854.04792
23753.24408
23788.28114
23657.579
23655.65786
23985.84296
24013.9373
23670.71726
23994.05744
24373.67798
23656.80572
24302.62448
23738.2493
23738.28032
24371.49344
23629.74578
24043.11476
23813.27438
24301.15838
23849.32328
23944.3748
23546.71568
23593.68488
23665.28192
24006.28766
24094.02704
23584.19234
23762.93918
23893.00244
23804.61602
23447.41952
23521.21946
23725.9514
23920.36976
23939.40944
23369.0489
23926.16036
23730.68618
23895.1778
23762.7593
23922.88112
23753.7623
24171.27602
23356.57148
23399.88758
23942.26388
24183.54092
23790.6071
24415.20164
24076.91246
23685.1004
23830.84544
23994.8534
24228.2732
24568.60376
23415.7169
23448.1259
24302.4701
24322.18118
24095.9804
23808.87476
23779.05668
23940.44918
23938.9673
23831.76344
23872.6505
23808.04928
23596.16222
23801.9744
23953.83566
24174.34994
24027.16694
23395.87436
23945.55152
23893.98524
23774.54408
23801.43218
23782.9697
23356.79042
23793.59552
24034.90448
23814.46646
23934.93002
23552.6294
24204.26468
24243.60176
23472.08048
23776.54784
23620.19762
24268.68674
23721.54404
24033.9065
24349.95998
23744.63204
23735.11022
23993.0798
24252.5291
23890.35068
23863.84964
23488.24184
23801.13512
23900.31572
23568.7997
23712.61928
24426.18332
23937.30422
23790.11546
23720.1095
24089.31596
23851.77794
23695.2533
23361.02888
23992.17638
23974.68398
23763.24056
24154.25186
24011.34734
23000.37068
23845.78868
24009.78098
24232.44548
24006.58706
23735.7818
23859.98594
24235.57622
23302.11974
23573.10674
23843.5091
23925.84986
23418.95498
23693.37278
24317.6597
23852.89772
23498.59658
23390.55422
23742.70226
24367.25654
23994.78974
23614.00316
23589.7748
23896.49792
23913.35204
23901.02048
24058.07924
23783.38412
23942.13824
24252.71108
23435.9222
24068.43158
23747.24252
23576.28962
24133.5437
24145.90724
24214.86098
23537.03648
23696.74376
23668.6949
24181.12388
23633.45252
24273.73982
23745.26108
23739.79466
23446.55012
23851.49798
23771.10446
23838.71606
24099.4871
24000.73496
24454.29728
23506.7567
23767.01528
23942.45852
23672.76038
23853.00722
23964.7319
23832.97598
23851.29206
23942.45648
24056.12186
23416.8665
23658.03716
23582.5763
23779.78052
23649.0431
24148.8239
24151.19492
23792.7938
23853.51338
24105.24632
23887.5248
23904.36686
24129.26096
23529.34166
23861.61164
23782.30628
24226.20632
24066.5063
23956.79804
24243.22016
23752.17176
24202.49324
23623.20806
24110.01764
24016.89674
23746.76588
24069.2174
23896.18934
23382.7307
23804.07968
24037.09598
23417.09246
23800.75892
23662.2371
23619.91904
24209.33492
23698.25846
23787.4319
23394.1055
24243.1091
23913.37616
23831.25386
24160.15274
23954.3588
24109.48286
23250.71048
23399.08868
23928.91226
24007.6604
23348.7881
23539.8866
23650.7363
23647.88726
23800.48094
23889.85502
23462.5664
23777.4566
23950.41278
24217.42946
24044.22434
23855.85704
23874.4463
23665.13384
24012.7079
24154.04252
23926.16774
23261.09354
23861.1983
24048.47078
23465.45906
24153.99746
24257.531
24031.44788
23886.93668
23970.91928
23492.94764
23444.55152
23565.17378
24082.1753
23693.56496
24184.43666
23990.13392
23919.00926
23898.65774
23830.23944
23765.12678
24363.35852
23852.639
23769.87998
24111.83744
24329.55512
24059.02094
23896.02488
23651.84174
23994.9734
23620.13636
24088.75952
24155.7809
23563.03226
23839.95464
24099.53492
23695.1762
24133.9805
23681.36618
23617.41944
23502.38084
23525.37392
23779.4939
23892.23672
23658.0854
23269.87334
23590.58864
23840.11766
23805.89228
23468.41298
23496.62744
24221.82416
23449.35806
24454.91912
23441.6348
23540.6867
23649.61952
23521.0403
23938.68146
24130.83086
23965.86938
23832.0623
23810.53052
24038.53778
23916.88994
23874.66542
23650.75598
23943.13784
23816.88308
23220.2594
24415.0151
23612.0993
23621.91686
23784.78848
23624.57714
23885.28638
24351.50504
23965.6217
23799.43346
24084.28052
23660.9591
23603.53082
24169.7516
24240.62414
23573.21
23928.41186
23724.46754
24045.6131
23809.57178
23604.79664
23834.81084
24197.8166
23530.19096
23880.76688
23631.75056
23623.90202
23887.39748
23806.85576
24577.06334
24020.77904
24159.68474
23534.78954
24381.67928
23967.1409
23638.31408
24290.32202
23587.49396
23922.54146
23548.25036
24075.14972
24052.16966
23893.58276
23820.38
23591.97932
23901.50492
23941.7459
24061.41944
23925.25136
23974.6295
23315.5601
24125.36408
24097.33448
24367.85486
23548.5848
23939.39798
23804.489
23705.69552
24027.49184
23682.26534
24061.12694
23775.3134
23991.10076
23542.84982
23852.39594
23682.9503
24090.69128
24032.26478
23373.1688
23899.24382
23577.51044
23620.2848
23821.63274
24310.97768
23994.09506
23626.28336
23671.30622
24009.90386
23411.59748
24071.01134
24254.23166
23796.39632
23760.99674
23962.42808
23967.83288
24442.37432
23466.19082
23972.22944
23718.8498
23631.33068
24011.56388
24480.4883
23693.74622
23833.14806
23903.2436
24108.85808
23937.40646
24221.19632
23789.38526
23629.29416
24104.26226
23806.38068
23933.78576
24136.62062
23515.31672
23583.7292
24150.04538
23669.81426
23465.36534
23982.08552
23810.81036
23908.53278
23690.07302
24203.96054
23932.83482
24010.853
23970.37892
24033.00518
23898.08882
23716.81946
23851.25108
23773.17782
23640.5846
23396.92058
23863.15148
23517.44
23553.34004
23792.2241
24067.91708
24071.92178
23748.50936
23958.83582
23517.47546
24096.1046
23681.4155
24111.38966
24818.95994
23969.56886
23654.11346
23905.60946
23896.4009
23879.67332
23781.13982
23495.95142
23525.93798
23999.47448
23231.08838
23653.66106
24141.95114
24156.96422
23585.72396
24139.54658
24108.22376
24202.02008
23595.40544
23673.90878
24316.47002
23665.73246
23705.31602
23973.83444
23630.45396
23597.17646
24159.53168
23993.94698
24038.11124
23833.00988
23649.31688
23706.6971
24131.5724
23493.2681
23600.5874
23674.81076
23677.48922
23720.32142
24093.98474
24362.1335
23388.16526
23641.31774
24108.67034
24479.45876
23576.02952
24046.36196
23645.16602
23690.57504
23769.45056
24239.84108
23632.77692
24053.16062
24050.41514
23793.03026
23530.98524
24273.94472
24477.46646
23553.35528
23965.18232
23903.62994
23773.2395
23849.23292
23855.06978
23795.41724
24149.94788
24033.00104
23963.5976
23820.62168
23813.58416
23590.7618
24426.72092
24201.4358
23813.7068
23814.20546
23746.77572
23798.62448
23548.84658
24169.2161
23827.93124
23971.47488
23672.92898
23911.65602
23817.7772
23685.968
23824.61984
23779.478
24040.68614
23695.4669
24127.71812
23858.72738
23991.33974
23699.6411
23871.95888
24003.98768
23673.57992
23902.12754
23568.19286
23568.39392
23585.60258
24224.32004
23963.25602
23533.32386
23669.59886
23758.38908
23817.76514
23702.78918
23482.98008
23998.79612
23882.8529
23888.25464
23968.33622
23630.64734
23733.48626
23990.27426
23693.35292
23760.36254
23365.81772
24036.03224
23987.52656
23631.92432
24016.67768
23607.75326
23539.1918
23402.49896
23712.3965
24050.26742
23785.24898
24051.73526
23870.13518
23880.3221
23774.96966
23924.09606
23482.31768
24048.02582
24102.71516
23874.33542
23886.62132
24144.60896
23827.4867
23759.02538
24132.0746
23339.87924
23649.17006
23862.08762
24026.01788
23686.41542
23747.83796
23693.86688
23547.58964
24002.68982
24374.00684
23930.4815
24231.6113
23562.30242
23456.84198
23720.28278
23966.25866
24124.3853
23500.44656
23669.25572
24019.80332
23820.41786
23600.2403
23979.25406
23964.17258
23546.39396
24343.10468
24463.55282
23847.2558
23443.79576
23743.00664
23765.6789
24080.67116
23580.44018
24093.41168
24333.21278
23444.60324
24014.3093
24238.22438
23880.91712
23998.73306
23393.23148
23736.16238
23784.54836
23600.05238
24003.45974
24159.21506
23665.1108
23872.50626
23894.87174
23913.4226
23925.8582
23687.32466
23713.33598
23865.5033
23632.41842
23773.39598
23788.78844
23542.30952
23894.4275
24189.07274
23688.0986
23715.8399
24141.44606
23511.29192
23929.12754
23304.06398
23774.97092
23499.86666
24032.84678
24167.10866
23408.56388
23185.10378
24091.2797
23812.95302
23861.91656
23822.83214
23975.37728
23728.46162
23678.73002
23478.76484
23474.09108
23530.06286
23538.07226
24127.87496
24328.53254
23750.3693
23362.77074
23393.85032
23866.45256
23818.3457
23644.56236
23985.74594
23409.41486
23977.48268
23566.41596
23725.94762
23726.04104
24332.98052
23862.70226
23499.82268
24157.17632
24069.78854
23498.67524
23854.15202
23500.35314
23702.93102
23875.36022
23719.466
23941.89332
23582.14442
23771.39924
24043.8707
23639.08556
24555.52772
24244.35854
23336.01332
24041.80274
23839.10348
23719.54346
23672.91794
24076.01378
23903.49206
23902.76534
24134.55218
23581.56092
23614.2062
24227.02892
23685.63782
24061.74962
24318.24452
23711.50334
23849.95922
23552.03792
23810.11706
23903.10668
23810.81504
23726.94284
23570.46218
23675.53694
23578.72064
23704.74266
23836.81538
23996.89214
23631.63974
23738.84132
23882.02142
23756.55536
23588.867
23498.05742
24189.74426
23903.2238
24425.46542
23980.05968
24268.63772
23884.57238
23743.76042
24034.78232
24132.35792
23907.18836
23799.01058
23921.23922
24201.09908
23829.82904
23584.41602
24324.9815
23951.69858
23577.1145
23771.55968
23602.19888
23720.23484
24261.02324
23830.37492
24018.68828
23857.72178
23801.3204
23690.74268
23622.69938
23401.45796
23713.0217
23792.46128
23858.91062
23542.5404
23828.53466
23766.6206
23884.42292
23613.11888
23810.99246
23975.27108
23901.21578
23877.98108
24382.54346
23704.56356
23386.00358
24014.69834
23722.87592
23708.80934
23907.01796
23402.78696
23839.67678
23685.51998
23619.005
23932.98854
24052.37
23875.1435
23848.34402
24006.94046
23993.9204
23580.50708
24099.47738
23794.5197
23929.95704
23391.87902
24220.26536
24012.54476
23832.2321
23878.04618
24307.13996
24017.34014
23627.8019
24159.30158
24002.05952
24333.96782
23637.99074
23864.47544
24292.4879
24124.52012
23546.0201
23750.53724
24043.07636
23700.84764
23757.4019
24007.46534
24134.16236
24247.33766
23661.0329
24084.43196
23935.6595
23752.41464
23632.44782
23964.9131
23835.56072
23895.75674
23625.06986
23826.14036
23868.1379
23809.52294
23900.59574
23776.08464
23942.37662
23555.85278
24175.98224
24079.55588
23640.16064
24222.61268
23821.02602
23623.36442
23703.8891
23519.7287
23880.08042
24399.9395
23875.2881
23885.47652
23805.43814
23754.50096
23755.10264
24518.12948
23697.15968
23578.55834
24105.93902
23609.00114
24064.38632
24022.1087
24233.62238
23842.66334
24189.602
23761.96316
23639.5847
23591.14826
24015.06482
24054.10862
23975.71454
23968.75994
23867.75036
23743.01186
24034.86398
24191.8106
23733.59264
23560.64234
23936.70176
24139.298
24491.73206
23672.30618
23441.34308
24143.81324
24187.18634
24038.10446
24004.14002
24119.60228
24040.71416
23608.75058
23912.35064
23700.51872
23610.34508
23878.28138
23648.50388
23467.32038
24003.11702
24253.89596
23455.232
23974.47548
23776.7336
23712.56054
23608.565
23750.08358
24041.9447
23903.30786
23307.71348
24010.39898
24399.728
23842.22342
23904.17684
24168.26852
23803.38176
23444.64038
23964.16658
23667.66128
24088.69052
23897.7785
24573.28016
23661.04628
23631.81734
23774.81432
23724.89012
23913.2675
23790.07352
23841.0833
23877.15398
23959.87964
23343.86768
24271.84328
23717.19758
23702.06864
23721.29348
23817.59756
23683.62584
23894.86262
23941.85426
23558.77088
23993.12888
24011.07056
23627.64614
23961.78764
23514.71744
23765.71268
23770.28258
23661.87602
23539.43006
23810.44874
23899.12064
23951.654
23602.23458
23625.53366
23955.44624
23475.10934
23890.49786
23706.9899
23801.62154
23756.78708
24082.17938
24029.49194
23842.37738
23687.2547
23603.3657
23866.2575
23351.28554
24253.33466
23788.4264
23879.24288
24237.24524
23339.91884
24097.40798
23731.8317
24131.34044
23844.63176
23817.515
23489.51174
23824.74278
23793.5513
24335.5658
23528.10404
24028.91666
23839.84844
23652.17708
23461.86884
23941.37084
23587.21994
23809.66736
23745.77186
23587.3736
23901.73478
23927.5388
24132.84116
24052.89872
23828.7335
23895.69122
23891.80796
23348.01956
23901.9935
23756.22686
24152.78282
24109.94816
23418.63008
24181.06592
24320.15648
24236.70788
23835.90194
24167.64104
23669.74856
23791.9637
24326.73278
23969.7242
24042.56006
24057.60242
23611.1885
24072.30422
23881.37054
24571.96502
23297.89676
24043.79984
24412.21028
24365.0525
24187.71548
24220.72736
24575.19176
24024.1214
23468.44052
23935.57016
23792.10218
23594.40182
23672.17886
23744.66444
23984.4506
23391.81476
24266.06078
23870.54714
23485.25468
23809.04414
23531.07584
24094.70474
23837.92778
23776.15016
23282.7854
23701.24586
23898.86324
23986.39136
24005.09438
23750.72972
23823.73802
23810.1515
24222.25484
23935.95848
23909.58398
24292.89812
23782.52936
23669.74622
23763.95774
23698.73186
23807.71406
23698.29248
24038.48696
24160.8818
23889.51584
23676.17216
23705.05796
23958.0491
23691.2603
23948.4341
24104.12246
23523.9755
23849.27792
23800.57262
24346.28738
23532.33962
24118.93484
24237.99062
23521.59026
23895.2501
24196.51856
23373.97766
24146.49716
23461.403
23714.5889
23518.66958
24204.1157
23637.39566
23934.42338
24053.53058
24168.98366
23779.83398
23734.11332
23761.78496
23532.35426
23257.46054
23742.50666
23548.39802
23564.54516
23741.09648
23832.28922
24017.8322
23527.10858
24017.19704
23662.67732
24163.09724
23830.15322
23756.11388
24174.30008
24087.40412
24009.72728
23970.66752
24150.19262
24055.22774
23838.53636
23875.5992
23786.31848
23774.68928
24189.29894
23580.8969
23521.6781
23855.11316
23652.5747
23771.60948
23896.916
23757.28262
23825.10836
24199.5305
23934.04904
24013.6889
23968.15706
23913.81536
23945.3756
24100.92572
23827.14314
24015.76364
24033.33428
23607.59786
23841.53174
24163.3247
23972.27534
23582.94152
23909.92766
23917.13966
23915.30834
23544.96404
24055.87562
24227.2064
23684.71418
23565.85424
24115.89038
23714.09096
24261.2741
23940.76292
23721.38612
23685.10376
23793.39662
23547.45746
23750.5046
24167.30618
23751.44402
24305.1782
23888.84204
23859.47642
23793.33986
23781.36974
23606.57012
23906.3717
24197.39474
23599.65614
23807.65004
23845.2917
24263.27384
23644.92536
23826.69908
23883.68684
23802.66266
24246.1853
23727.60398
23769.39728
23363.12192
23828.90456
23378.97062
23658.40472
23704.56944
23689.21838
23974.89218
23808.13898
24505.76714
23683.35896
23902.16588
23908.73468
23922.86714
24406.6823
23968.66664
23835.10016
23476.6229
23594.56304
23644.87034
23570.16266
24138.39482
24101.1557
23877.69752
23844.88364
24189.48884
23831.4323
23748.73454
24275.56352
23795.08568
24017.95436
23589.77444
24449.77412
24079.43354
23821.1714
23975.64236
24349.89266
23934.69962
23583.01496
23619.09554
23457.0794
23310.54458
23736.2183
24137.213
24229.56452
23202.05852
24085.4612
23813.85728
23587.89992
23932.68884
24190.2371
23747.27186
24087.7184
23767.29164
23971.62962
23608.8122
23673.63776
24066.0173
23739.83606
24002.54966
23640.00092
24093.5249
23704.80248
23613.0776
24103.60244
23860.79792
23856.3839
23901.87608
23487.72218
23436.88556
23556.28952
23629.38494
23860.87496
23834.669
24009.51746
23992.75514
23706.86096
23833.73096
23588.89034
23528.903
23480.45744
23556.19772
24080.41652
23852.8901
23684.53634
23956.3184
24080.15396
23893.46636
23723.29598
23795.1515
24232.31
23884.39394
23699.72096
23621.23754
23603.77694
23782.61384
23750.73002
23725.87586
23849.34386
23589.61346
23412.48884
23548.87814
23899.42586
23913.05756
24454.03118
23707.38914
23921.79644
23955.33644
24020.27786
23324.18918
24140.3795
24037.03376
23339.44196
23453.48114
23893.29818
23930.20604
23259.41324
23854.538
23660.76536
24455.45036
23490.95774
23838.68294
24537.51734
23875.93568
23923.04402
23429.5328
24280.77164
24013.13876
23699.21258
23434.03196
24120.05972
23980.00232
23922.01154
23760.37904
23880.79058
23609.74448
23385.95174
24221.64416
23770.20848
23884.54484
24056.83052
24199.2647
23450.52512
23736.6005
24055.07702
24505.58462
23948.828
24171.77186
23778.07958
23910.72854
23706.22076
23811.29396
23890.9769
24491.04218
23734.361
23967.15782
23857.96988
23424.25382
23538.70916
24385.68968
23931.80744
23754.89654
23852.5607
23704.34414
23720.62622
24170.30546
23959.9919
24017.92436
24357.2747
23594.10086
23566.18586
23916.37142
24433.01192
24055.00064
23667.72092
23631.50966
23792.20886
24541.11884
23568.90776
23743.54202
23958.4028
24419.75654
23516.07938
23827.43246
23573.83598
23761.66448
24078.8813
23503.35572
23947.74866
23637.22226
23885.11244
23938.94924
23905.40432
23630.78282
23645.61038
23706.3713
23544.4649
23587.77482
23661.41144
24135.0653
23531.76428
23911.2584
23428.35626
23918.97512
23997.43262
24026.83166
24717.27434
24242.66378
23896.34942
23516.69348
23690.91218
24260.49434
23212.00904
23583.78974
24002.81534
24105.65228
24030.67274
23630.73842
23620.88834
23900.45072
23730.77648
23776.27556
24182.86388
23524.46204
24223.69076
23666.49326
23572.93232
23506.88942
24016.21064
23839.28576
24012.1478
24379.6184
23837.45294
23612.83112
23824.21856
23617.36184
24109.56728
24249.88442
23759.72072
23635.96262
24180.92816
23655.10832
24220.73192
24026.8187
23899.93796
23656.76978
23861.02604
23818.77338
23719.69316
23755.81364
23791.47758
23619.33644
24301.15988
23760.22844
23775.32012
24226.86032
23602.1027
23818.20254
24076.79324
23900.75612
24185.88668
23743.99646
24016.11464
23965.41338
24127.68308
24049.35698
24106.80266
23749.60604
23991.36098
24375.1934
23617.08638
23306.0915
23586.73502
24164.18972
24006.2909
23181.80552
23856.05426
23795.5751
23937.80642
23441.85392
23797.30424
23898.34418
24017.73092
23329.21178
24035.74298
23637.51668
24027.70748
24258.83744
23795.55746
24152.64968
23705.21336
23461.68236
23814.9488
24055.19564
24202.93544
23669.80646
23879.8712
23790.41564
24130.06736
24354.79946
23877.12974
23831.47898
23781.54494
24080.52584
24085.65506
23729.94146
23956.75676
24184.50086
23976.8237
23942.62148
24402.02786
23956.22234
23466.8456
23767.8272
24005.5514
24047.08268
23706.57116
23984.3681
23956.03232
23901.30836
23968.53968
23877.3866
24107.42396
23821.11338
24078.74192
23614.95254
23617.25936
23912.3792
24059.34146
24415.13006
24317.28752
23891.4671
23747.04152
23802.76406
23877.4931
24066.99734
24062.91116
23298.50882
23628.03938
23700.77018
23661.31526
24227.15192
23774.01248
23437.58756
24452.70926
23929.90676
24295.77044
23836.78394
24046.9235
23980.5311
23664.79562
23956.44782
23534.95706
23814.45008
24023.26376
23884.16282
23875.10216
23422.87076
23693.37932
24122.00024
23932.71674
24213.32648
23657.60678
23624.45816
23619.30638
23855.57822
23750.49998
23863.96814
24061.49888
23411.12774
23602.94096
23902.07036
24135.0806
23813.25356
23827.93784
23473.79372
23925.59936
23868.64508
23593.56098
23942.19698
23471.3321
24244.92908
24012.9374
24036.39722
23910.4148
24066.4841
24035.03798
23916.9536
24313.89056
23858.582
23575.42034
24130.31936
24244.35416
23880.60116
23680.71656
23586.9545
24340.19786
24482.47838
24265.54976
23939.62172
23901.57404
23754.07196
23533.9217
24157.92878
23499.33788
23956.63694
24142.22258
23486.92622
24017.68532
23632.853
24331.9007
23585.85308
23768.8964
23842.67372
23942.98784
24125.36852
24058.00448
23949.73964
23899.84844
24042.6068
24084.08294
23639.98034
23745.038
23683.44338
24062.91632
24065.18168
23408.1878
23546.83784
24281.53814
23575.20752
23842.28792
23831.88848
23494.81424
23967.54566
23462.43998
23616.27104
23684.80058
23596.11254
24069.75446
24217.96916
24065.8379
24014.49074
24284.36726
23787.52904
23560.54568
23908.30286
23684.6348
24012.0653
23337.98774
23866.89848
24336.43118
23762.18732
24031.25162
23937.9098
24245.7944
23741.40326
23294.47664
23848.91108
24143.71676
24087.0695
23649.54554
23657.39528
23864.24126
24054.56054
23901.81566
23496.4847
23622.2645
23665.76372
24333.73862
24247.44548
23840.35214
23982.13766
24032.31662
23834.24678
23416.5824
23801.96312
24054.76274
24159.49316
23791.19162
24060.6707
24485.87906
23993.86628
23742.21356
23977.62512
23888.54096
24275.70938
23921.78786
24132.39032
23645.02196
23590.66052
23402.31764
23509.17866
23953.50098
24091.8848
23814.58742
23965.49264
24350.08538
23569.2707
23990.81648
23752.75364
23626.8368
23561.53808
24466.86182
23738.192
24156.90488
23790.27056
23817.18794
24066.66944
23715.14144
23992.76204
23986.95944
23541.07994
23839.72718
23749.886
23686.9148
24143.64224
24276.64442
23726.57066
23894.59412
24357.5948
23859.55514
23591.28296
23602.86272
23845.76936
24029.44946
23858.35556
23733.548
23806.44464
23816.4488
23335.5317
24027.62996
23452.73612
23461.38062
23812.34876
24256.64978
23854.2839
23853.37166
23552.34308
23838.04748
24181.53398
23833.75124
23427.4106
23661.11666
24018.0068
24424.69478
23902.06214
23888.41772
23596.55168
24158.78612
23598.10748
23422.83908
23863.5245
23832.74426
23801.1305
23858.80544
23911.4423
23991.49496
23744.65664
23750.17766
23386.31096
23769.87926
23943.71072
23474.1137
23911.10612
23523.94406
24167.56202
23861.77448
23639.84024
23873.18852
23737.59674
23860.74572
24243.57482
24141.71768
23866.51076
23362.6133
24403.214
23701.44572
23636.4134
23989.4189
23891.36558
23816.44628
24036.60284
23600.80916
23463.9869
23684.00444
23737.82294
24005.4479
24172.51076
23484.08588
23506.35644
23528.3039
23746.08746
23545.03496
23769.93764
24093.18404
23914.5074
23978.05994
23468.70884
23955.54968
23798.08922
23909.63912
23986.68728
24595.23458
23931.1091
23945.00258
23631.12152
24217.92296
23866.67486
23886.50114
23655.48272
23754.64154
23456.3006
23862.62264
23949.85538
24279.33734
23601.60932
24104.1839
24201.98234
23520.2546
24338.4455
23957.33504
23831.57534
24366.81278
23540.1608
23645.74736
23854.46006
23888.29802
23750.30762
23895.17168
23683.4426
23458.53422
23688.0908
23772.67214
23674.93706
23820.1898
23797.49978
23287.1645
23928.6548
23949.9905
23432.87708
24136.21982
24046.27892
23523.8381
24127.94666
24558.06602
23376.13064
24312.9044
23733.35474
23889.64826
23911.29638
23811.8873
23518.16918
24035.9639
23983.6349
24045.64238
23668.79138
23724.2246
24189.89996
23873.57882
23904.85928
23715.2183
24008.1773
23627.2616
23720.7107
23688.77012
23907.98756
23611.84922
23925.49952
24325.28414
23611.04852
24101.0834
24125.60318
23454.0632
24679.50062
24076.75706
23990.5661
23746.07786
23887.226
23483.57234
24013.30586
23571.48674
24066.46934
23827.0847
24061.11554
23795.1401
24101.88464
23845.45382
23967.63704
23634.04982
24203.12834
24022.68014
23451.66728
23780.60126
23534.50982
23756.00036
23829.3101
24156.18296
24276.47738
24461.31962
23987.51864
23500.47104
23686.46804
23743.70864
23744.46482
23710.18262
24199.05188
23779.313
23875.42694
23976.11336
23302.99394
23976.09548
23501.0927
23484.06632
23616.14054
23587.84916
24117.7019
23926.61432
23546.10872
23975.92796
24233.32112
23671.17782
23701.88738
23894.32688
24129.1211
23764.02572
23782.61744
24033.20924
23583.97742
24442.547
23450.8934
23622.33872
23940.00464
24148.028
23343.1478
23370.76394
23835.38888
23792.25614
23973.28478
23540.2217
23988.66062
23747.63192
24241.4969
24096.74054
23906.6411
23617.74092
24128.6414
24209.8784
24371.18912
24084.26936
24283.50854
23550.87836
24064.68176
23773.23434
23886.00476
23524.76336
23747.53952
23410.7258
23717.18186
24301.12328
24272.55194
24086.43008
24023.2817
23921.06798
23780.84012
23431.63352
24065.8958
24165.79748
23870.18906
23779.92512
23532.44372
23726.19614
23915.83802
23640.65996
23835.2366
23684.17766
23531.80802
23782.71782
23684.84252
24148.44824
23890.78994
23897.4692
23630.5067
23785.73438
24015.84506
23755.40516
24061.97174
23675.8505
23894.50712
23453.82356
23724.68222
23911.9562
24012.85256
23685.22532
23557.29428
23907.50012
24089.91908
23931.62228
23846.50838
23617.28534
23772.45506
23715.48848
23811.04772
23816.89952
23832.44498
24028.84112
23784.26468
23459.29418
23406.12458
23962.42484
23991.39968
23490.58436
23389.88336
23981.14628
23958.57818
23626.01396
23631.44486
23793.23198
23655.32876
23850.26354
24056.6492
23555.7746
23987.09378
23828.02316
23420.13434
23542.1189
23532.83888
24033.3119
23523.39542
24165.62504
23393.5541
23845.73702
24189.38942
23572.42892
23535.00116
24115.7801
23829.03596
23770.79474
23684.74742
24116.31584
23670.83414
24022.30976
23718.60656
23712.53864
24092.8802
23697.3206
23591.9501
24235.6862
23699.64158
23552.36414
23967.45734
23872.16918
23690.68082
23611.37588
23879.79194
23838.45026
23964.74762
23909.43032
23446.91708
23663.94302
24026.86496
24114.40316
23603.02448
24246.06236
23403.36752
24071.16212
23876.45618
24103.52432
24161.95334
23930.28752
23327.36786
24299.71046
23045.1665
24071.78678
23739.44396
24078.36512
23812.91228
24151.07846
24140.43206
24236.05016
23750.7764
23370.93194
23889.85958
23749.14278
23762.27624
24126.90584
24256.90274
23739.22226
23647.44776
24104.91128
23832.48962
23854.85462
24015.68948
23827.77248
23970.42512
23671.25216
24311.72414
23999.03768
23858.23892
23508.41972
23898.07172
23887.38944
23556.45998
23897.5433
23437.13912
23735.42294
23871.5498
23921.4209
23949.27524
24503.7911
23467.0742
23934.17084
23294.71076
23536.05188
24086.0042
23735.08862
23927.90228
24182.15672
23652.69116
23966.28938
23866.59596
23427.38114
23405.3531
24333.82436
24018.4721
24190.86506
23586.20312
23369.84594
23835.33962
23856.62006
23338.21022
24046.71296
24028.28396
23450.25812
24470.65076
23966.04218
23516.27654
23792.60948
23586.25124
23810.89766
23861.17976
23754.59462
24465.88772
23817.00194
23974.82438
23912.92958
23916.40172
23310.62654
23612.21678
23850.75338
23843.714
23534.55278
23928.09812
23761.6493
23551.70006
24009.2735
23825.90528
24331.26062
23934.73886
23914.36508
23918.16626
24016.29152
23766.0143
24416.87462
24039.71552
23710.04516
23662.04612
23559.3845
23483.72018
23852.50004
23756.24408
24137.59478
24119.3468
23974.01594
24162.18068
24132.21848
24113.0399
23874.04508
23997.05714
23654.7137
23773.47068
24100.97636
23870.6666
24430.7186
23541.69644
24580.93508
24086.25098
23614.21598
23659.46018
23751.9272
23885.33366
23995.20482
23607.95588
23585.23616
23759.18366
23884.26002
24119.97542
23646.57866
23436.13538
24342.20948
23799.50384
23744.22368
23776.4609
23582.92706
24312.86306
23712.61604
24121.2512
23901.65876
23487.60692
23807.402
23471.03654
23505.58958
23631.41024
23826.49886
23853.65474
23440.1633
23747.135
24001.28366
24070.9541
23732.68406
23296.8194
23963.21444
24080.76344
24223.4465
24244.28942
23531.02298
24295.63166
24158.47328
24119.56658
23882.0399
24666.19328
24084.85226
23596.98722
24027.64784
23990.64476
23235.3926
23588.02268
24104.27438
23909.97548
23757.08924
23920.64006
24438.3248
23539.81106
23538.9485
24022.88882
23975.44022
24071.5976
23906.66408
23885.74388
23572.66424
23773.78664
23776.03742
23957.10566
24043.46234
23779.32056
24020.76854
23446.48466
24302.22182
24406.55792
23650.12322
23661.95036
24038.54624
23840.03072
24212.90804
23849.52794
23635.6613
23699.888
23694.40334
23491.79702
24087.599
23370.30236
24104.7872
23929.28828
24147.32114
23916.45134
24385.6181
23587.5779
23749.24406
23714.3795
23980.10954
23815.25378
23662.27376
23732.59376
23660.60348
23693.11376
23981.64548
24060.33608
23601.11276
23984.02904
24060.56618
23461.11002
23749.38614
23615.70644
23751.21458
24139.13864
23852.03012
23722.4099
23486.1674
24157.53176
24034.99406
23944.24352
23853.7616
23902.64204
23645.0513
23658.52496
24004.0529
23289.45098
23715.70442
23699.09948
23860.5485
23376.61646
23894.7398
23951.249
23941.28594
23374.01516
23757.8837
24046.36442
24070.4783
23583.08966
23655.07742
23973.6689
23890.17158
23730.49604
23842.81346
24001.80638
24395.96906
23743.92974
23565.75956
24149.50376
23713.31606
24096.7493
23730.02564
23951.3516
24152.16356
23854.3631
23595.82196
24234.84818
23839.24142
23554.64138
23745.62096
24178.38314
24038.11514
23961.41612
23728.69604
23859.0749
23950.09952
23879.92112
23836.08806
24007.37396
23857.56836
23694.6179
23635.39928
23797.1282
24261.31598
23909.02142
23808.96986
23555.58914
23619.04928
23428.35674
23451.30764
24007.60718
23834.12798
23970.3194
23813.39858
24225.96188
23604.00644
23620.21052
23851.21142
23786.78168
24267.08924
23980.48742
23805.8255
24017.37584
23720.47874
24040.66022
23891.1587
24213.88058
24358.4186
23642.55554
23945.18984
23869.84292
23602.57694
23979.1877
23595.76802
24083.12414
24005.1236
24037.03928
23431.427
24191.71448
23527.29332
23693.80622
23203.5026
24142.12844
23659.403
23925.69626
24027.67064
24408.68
23759.50226
23712.5033
23882.08754
24042.34184
23707.84832
23906.42864
23543.36096
23584.08368
23671.74002
23687.45786
23810.17178
24003.44996
23464.67084
23638.9376
23945.55236
23550.6149
23773.62578
24131.2322
23505.86666
23958.5921
23894.1653
23832.2732
23835.86954
23698.2236
24205.67336
23979.9227
24012.24014
23789.87534
23721.551
23503.08002
23963.61482
23698.80368
24018.28472
24015.80312
24069.31136
24021.8132
24004.77506
24018.22886
23752.0325
23986.51286
24278.9051
23785.5449
24216.27452
23955.92426
24140.92286
23932.43984
23811.42482
23974.33862
23300.43464
24121.89002
23635.09076
23686.24742
23520.4952
23618.49824
23648.38298
23773.53002
24084.08348
24141.19298
24252.49874
23615.40974
23888.18684
23260.25792
24025.97636
23682.44684
23619.57482
23977.15514
23463.55316
24280.20638
24224.60354
24206.73344
23472.64406
23506.91222
23588.59412
23858.5526
23489.57042
23583.55046
23334.36542
24376.01306
24545.0231
23554.68638
24150.0872
24037.15874
23640.59906
24352.02212
23945.97584
23479.60862
23725.56122
23512.80608
23393.28608
24100.59998
23432.8439
23935.70648
23702.843
23355.56444
23791.52648
23597.13974
23460.86906
24057.62456
24025.13618
23873.2586
23665.68026
23788.76336
23642.71322
24041.98148
23962.74134
23657.96798
23213.63756
24166.38464
24043.82858
23967.09344
24141.01952
23536.46642
23896.24562
24038.88932
23994.9479
23874.7937
23433.62066
23715.07028
23990.00174
23701.12244
23606.56526
23549.67002
24467.093
23611.48832
24182.13692
23500.06106
23559.2198
23917.7138
23835.67046
24219.9911
23592.62354
23661.46862
24569.55122
23741.45654
24116.5031
24275.14856
24286.35056
24457.0742
23860.61366
24040.51304
24307.63508
23698.99268
23843.45138
23841.25682
23746.3415
23753.22008
23771.72456
23628.71006
23840.85566
23440.17572
23623.97384
23634.20186
24138.31796
23716.96334
23789.48864
23696.19794
23875.92266
24513.61052
23728.6637
23584.47848
24101.09426
24065.05442
23649.22136
23977.17134
23970.19304
24147.29018
23785.89464
23843.94236
23370.62894
23468.29184
23488.00964
23822.68892
23609.02568
23903.2136
24032.3699
23719.53038
23538.87932
23658.82724
23743.53188
23917.63664
23659.96796
23953.3169
23597.99834
23764.16276
23940.18566
23574.68156
24081.36578
23921.20466
23742.1349
23288.47844
23649.0335
23793.31382
23836.08272
24143.35478
23521.38032
24523.80626
23540.70608
23652.65924
23512.28024
24135.78056
23793.9209
24345.26882
23855.87798
23747.57498
24280.57196
23753.47478
23927.55164
23585.1884
24611.582
23989.01246
23510.49362
23748.54344
23550.21914
23950.57262
24259.69478
24256.02146
23940.00434
23331.0251
23924.13932
23728.54364
23758.34486
23377.88228
23510.94164
24419.38412
23550.82874
23768.16422
23679.08762
24481.38956
23615.49038
23544.19826
24048.37982
24007.16468
23855.35022
24040.5236
23708.85044
23646.3416
23854.77716
23784.76622
23949.25772
23645.5364
23732.50526
24074.99918
23401.22948
24277.64378
24042.81236
23572.42532
24120.06458
23100.86372
24014.35166
23963.97002
24367.66754
24021.66884
23680.75316
23907.1892
23657.51078
23836.70144
23848.41596
23807.95298
24004.68188
23862.44726
23621.98682
23903.53592
24119.31248
23935.43852
24278.10038
23684.16962
23727.91658
24366.79142
24164.47214
23551.83056
24375.59618
23522.19986
23603.9408
24432.68024
23902.5404
23531.99582
23909.08586
23519.7338
23775.80522
24281.49386
23973.43334
23501.01824
23635.46114
24144.4031
23611.22774
23733.94292
23761.95938
23755.20944
23672.16848
23664.0584
23769.25682
23856.2237
23987.75084
24263.96792
23616.51224
23599.54694
23712.49754
23863.28942
23876.27924
23699.91236
23661.37916
24393.81068
24098.45408
23889.57236
23810.65946
23825.43668
23824.58492
23787.3581
23738.34398
24245.07452
24021.61844
24090.5054
24057.73706
23883.80216
23437.86842
24231.28574
24247.44182
23752.83452
23690.29028
23573.67152
23708.27876
23969.53448
23715.15062
23889.9566
24028.2902
23778.4253
23879.15264
23356.53416
23865.64748
24307.47968
23929.17392
23766.92492
24005.46428
23618.5238
24042.85496
23900.35472
23716.99442
24064.53188
23637.84662
23733.43208
24179.32514
24462.5945
23858.19602
23871.78074
23500.86248
24106.18046
24072.7337
24331.00184
23826.93758
23954.20592
23707.3469
23556.44876
23880.64544
24339.05882
24115.68038
23850.12932
23712.08732
23721.57206
24009.43256
23569.08032
24095.02004
23604.38408
23471.88368
24170.13128
23741.96954
23742.72944
23730.5336
23727.31178
23971.92686
24284.26124
23529.08906
23538.01964
23673.27308
23850.36146
23758.62242
23665.9748
24219.3233
23817.00206
23626.50602
23567.26442
23973.59144
23818.42244
23281.10774
23893.13462
23771.63282
23982.72386
23730.95588
23987.13002
23928.60542
23687.94548
24339.4622
24083.43278
24244.1228
24035.96744
23814.31244
23796.2477
23502.6173
23925.03548
23841.00938
23596.12592
23674.79636
23897.5688
23819.86166
23594.8616
24254.4188
24134.80958
24394.15724
23897.57384
23850.4523
24254.88422
24001.85012
24040.10684
23923.4606
23914.48316
24141.24428
23623.1141
23550.85598
24374.08538
23828.81588
23955.92906
24252.0809
23741.88812
23598.50372
24256.18094
23963.60582
24225.12908
24189.12806
24036.7406
23706.30998
23780.1446
23816.12216
23991.43178
23076.6758
23891.82422
24201.56312
23738.66834
23703.458
23859.14246
24123.31748
23632.38746
24000.12296
23789.59202
23862.9956
23776.08374
23530.11188
24234.28376
23894.54066
24019.95524
24748.29674
23671.37546
24065.7734
23731.45712
23846.90054
23649.0917
23604.41894
23918.53358
23839.00046
23926.72646
24558.66584
24079.3619
23531.55986
23807.39612
23889.74564
23708.9801
23940.0113
23707.51688
23663.16446
23936.02082
24003.76982
23986.18412
23722.58
24033.49808
24531.77048
24291.10292
24295.64264
23907.84716
24530.83334
23655.95882
23911.12376
24396.13364
23448.7307
23425.08482
23848.43924
23654.14928
23776.81202
23912.55614
23303.13026
23895.6815
23498.71154
23762.42696
23665.16786
23782.49972
23977.63784
23461.67186
23664.01958
23789.29502
23666.876
23898.15134
23883.00518
24059.69024
23926.54478
23843.29856
23550.84692
23518.63514
24150.78788
23790.44162
23842.90658
23507.50178
24188.55554
24415.06148
23510.753
23494.40468
23880.65924
23916.87494
24132.3158
23676.43598
24218.11952
24002.66684
24013.29542
24206.28374
23592.28802
23888.65652
24309.6506
23928.19196
23817.37148
24006.0791
23949.41576
23243.47058
24005.05628
23801.9345
23551.5323
23412.03062
23386.48808
24042.71132
23892.8531
23734.1894
23885.76848
24312.44462
23543.78984
23423.0204
23755.11332
23327.81354
23986.95452
24034.85864
23673.53024
23606.42678
23417.06504
24123.84044
24221.28806
24094.1711
23860.45106
23863.85726
24119.04788
23568.60344
23614.77986
23485.07498
23771.30462
23866.46816
24436.68716
23745.8813
23270.09876
23539.50476
23588.9237
23915.55248
24075.2087
24088.53812
24079.32446
23705.98736
23548.12394
23279.7161
23662.48208
24061.3436
23686.01066
23987.6948
23882.92508
23688.51128
23720.5532
23333.9078
23822.02148
23925.84266
23676.17108
23702.26628
24123.04496
23795.02988
24053.45078
24043.14722
23972.9114
23541.57542
23590.58348
23406.33194
23949.75542
23690.07782
24061.22102
23793.50114
23568.32498
23732.26436
23784.3881
23670.74264
23991.15368
23874.64874
23996.59148
23934.41804
23615.15018
24285.50294
23576.5751
24424.7189
23664.54992
24206.53454
24199.9346
23766.37046
24176.46608
23848.4768
23635.99886
23611.53032
23662.0589
23888.48606
23615.32988
23764.6328
23829.67076
23693.96786
23818.16132
23529.62474
24075.51422
23557.52042
24122.5883
24204.77594
24136.61732
23948.17838
23385.21704
24070.34966
23683.84838
23684.5988
24006.16034
23731.38494
23917.90958
23618.18876
24054.29342
23455.00388
23769.1166
23650.23998
23321.97704
23581.07804
23813.54756
24056.75966
23563.96124
24021.71726
23902.5392
23901.25766
23719.72358
23874.18614
23770.1393
24041.7062
24072.9224
24199.78256
23845.0331
23698.80818
23820.68642
23805.88088
23476.0967
24201.70436
23832.36638
23780.84348
24126.69992
24304.75724
23486.24972
23491.43282
23617.14338
23764.67186
24030.45722
24127.58606
24001.3901
23661.56972
23760.20558
23843.201
23703.97886
24054.5828
23982.17588
23634.1118
23695.05698
23713.78784
23897.3711
23945.75756
23757.29036
24345.50486
23982.98072
24545.06228
24408.52316
23860.60616
24141.48104
23713.36508
23856.49424
23709.78038
23959.38602
23528.61878
23975.72516
23607.29882
24465.21578
23801.37956
23751.28976
23787.30968
23573.63666
24156.07196
23673.35558
23565.38066
24255.42746
23847.61256
24113.75144
23364.68732
23671.27472
23659.256
23938.45154
24094.20056
23550.50852
23714.6567
24045.73208
23770.26008
23637.29792
23795.09162
23709.92966
23574.84338
23926.2668
23610.04874
23906.96666
24145.20122
23974.5191
23698.27052
23760.4604
23866.14266
23739.4511
24514.06352
23483.8481
23867.95778
23985.32426
24239.25098
24005.83928
23532.36992
23707.2563
23953.82654
23766.53858
24083.91122
24316.49414
24060.74216
24114.7736
23832.16412
23878.62794
24323.54804
24109.90466
23819.53406
23592.35594
23952.33902
23962.64744
24204.01694
23493.85832
23819.60426
23621.36948
24158.16794
23941.50908
23556.84932
23550.59408
23882.88338
23370.93152
23567.1035
23953.15322
23899.1732
23732.10926
23636.52938
23977.1165
23755.53236
24030.95882
23997.13688
23659.69748
23864.67758
23840.31302
24089.07356
24060.50006
23892.70202
24477.20348
24028.35854
23935.90748
23503.24484
23326.8119
23880.03266
23726.13068
23686.6013
23643.97838
23931.17498
23510.14778
24100.49048
24027.74582
23908.54904
23885.20562
23692.94294
24440.08574
24154.98632
23468.52986
23949.83552
23836.06748
23858.85614
23441.3945
24362.2166
23751.49298
24055.02446
23516.86556
23906.79518
24004.87442
24201.11804
24162.47018
24086.93816
24047.98886
23812.50062
23967.57698
24028.50788
24007.96196
24121.2692
23741.75756
23509.08458
23333.22686
23723.17244
23561.87726
23598.89846
24071.15672
23902.6148
24242.63594
23705.84744
24477.34142
24068.08646
24142.13822
23271.22802
23649.5261
24215.52656
24018.85838
23750.91416
24083.11526
24429.50924
23823.17204
23789.21696
24301.78526
24200.01506
23851.95206
23854.06922
24076.90568
23384.069
23724.69002
23433.62288
23810.50076
23588.42684
23637.653
23598.7811
24031.02548
24110.88848
23726.21102
24080.99834
24486.24068
24205.07048
23717.70542
23507.68178
24254.99522
23628.23306
23888.21054
23717.54624
24483.69158
23903.16896
23754.81578
24140.6681
23919.19046
24193.4402
23915.81744
23638.48514
24232.51418
23879.64386
23832.64514
24030.90746
23603.11232
23708.60882
23386.5419
23951.43416
23861.19416
23820.00398
23823.03566
23937.66866
23575.86824
23708.09564
23923.69412
24148.70234
24056.33246
23859.26282
23808.7103
23819.95736
24093.1985
23247.56108
23971.3988
23441.98508
23927.42594
23511.67046
23168.20232
23654.1737
23890.0913
24176.43242
23965.7018
23937.00614
23982.7523
23869.11734
23583.46412
23726.96786
23750.12138
23970.56816
24284.13128
23661.7559
23849.59934
23594.07518
24010.80824
23696.89166
23931.40454
23795.59058
24090.05588
23658.4568
23809.90532
24177.69302
23825.96348
23895.91748
23477.08712
23474.9672
23914.14374
23893.47224
23964.79202
24161.05778
23657.12444
24606.19736
23984.50346
24029.47976
23697.56864
24092.12672
24012.6917
23548.1759
23908.60652
23704.15268
23895.00974
24367.8722
23694.9353
23649.65708
24112.91606
23817.9653
24131.16596
23627.2295
23971.24028
24327.48968
23801.03774
24229.28948
24005.10854
24203.39864
23953.1717
23446.44518
23588.74778
24208.7768
23860.66106
23477.2925
24219.30068
23836.14278
23546.25572
24489.3662
24147.54866
23510.60036
23895.65402
23997.83588
23484.12704
23873.82302
23792.55464
23838.73694
23726.24174
23937.6299
24178.77176
23878.19162
23685.09614
23775.09284
23855.81276
24284.55338
24079.37234
24072.64484
23807.16662
23790.8012
23828.07158
23610.23324
23718.2837
23589.5258
23939.3603
23983.10558
23620.94522
23800.6613
23636.2337
23601.61538
23754.90782
23626.74074
23688.60104
23638.08464
23973.68204
23882.06918
23514.27206
23368.4351
23559.1502
24136.8383
23785.1444
23837.15324
23815.02644
23830.18394
23739.76814
23914.48784
23838.87416
23656.40528
23716.11248
23457.25076
23849.04692
23925.51332
23812.12556
23643.83312
24273.4304
24424.59374
24061.49108
24008.77004
23840.14622
23948.14622
23955.00116
23860.44356
23636.10956
24331.61906
23938.67738
23605.98488
23460.48026
23702.90828
23897.61146
24292.58594
23976.87056
24094.0697
23907.14192
23799.0032
24504.2114
23950.62242
23960.64302
23927.13212
23570.34878
23870.3459
24537.26972
23911.17962
23606.32784
23687.45768
24325.77974
24082.99478
24319.05536
23912.73098
23390.4884
24118.48304
24248.72102
23627.89646
24061.95386
23751.47288
23553.7226
23455.03556
24178.00274
23704.02404
23243.6075
24235.01678
23798.51444
24062.66348
23951.17832
23602.15316
23385.6374
24171.72008
24452.2139
23666.19038
23942.16584
24236.26334
23960.00612
23677.67378
23505.85514
23483.61278
23505.34592
23917.47458
23811.17888
23648.5085
24140.6222
24038.47562
23547.15176
23914.05848
24496.5575
23740.42772
23380.37018
23677.64618
24549.78842
23987.94974
23705.26412
23857.19408
23994.35606
23979.34262
23749.73858
24045.68636
23867.49992
23544.92168
23546.15438
23638.6295
24148.54802
24322.71632
24143.28548
23847.4415
23934.66548
23882.33102
23629.06514
24213.62228
23628.8645
23966.1857
24288.14792
23801.31164
24262.98608
23705.66246
23588.55098
24012.7544
23710.91198
24231.36572
23589.8051
23927.39816
23879.78678
22977.03476
23943.78014
23904.1682
23860.9064
23803.70228
23938.91102
23573.27006
23931.99266
23995.3202
23588.33192
24006.70274
23719.10624
23803.89152
23987.04092
23355.55628
24039.26672
24070.22348
24174.02714
23585.10002
23681.29148
23895.49574
24032.13188
23615.14244
24127.9427
23908.34084
23314.42076
23638.68758
24299.68724
23524.18238
24181.13588
23737.82
23656.46612
23817.58316
23594.82854
23769.44486
23762.85428
23480.29256
23470.4345
24134.2727
23517.1976
23890.96556
23994.8375
23443.63754
23749.22924
23832.8426
23919.04166
23690.8367
23954.10722
24182.20928
23833.31744
24092.29898
23586.37706
23981.7854
23674.30964
23289.8948
23599.6154
23317.415
23869.7774
23988.94184
23677.48568
24093.93866
24191.63252
23598.4067
23648.55074
23481.32576
23482.02428
23834.72318
23820.6848
23839.9184
24215.43746
23528.38982
23925.27926
23871.18602
23877.4169
23846.89142
23684.08646
23885.96756
24200.1293
23454.44342
23933.83886
24220.73666
24164.99438
23717.40866
23394.96764
23915.09798
24130.49588
23358.56984
24029.93876
23876.26172
23614.2749
23602.25246
23740.4606
23570.40362
23931.4583
23701.68038
24017.50178
24008.45198
23633.0891
23694.94352
23379.40922
23819.51048
23691.0137
23856.2522
24047.5865
23561.57324
23862.8048
23831.75048
24047.29646
24075.28076
24306.59906
24076.68242
23840.95424
23482.86302
23988.7043
23913.52724
23721.82424
23915.45366
23794.5335
23335.88378
23822.9093
23957.50622
24022.07264
23970.31208
23863.67924
23639.25446
23906.64038
23420.99054
23728.89218
23731.6133
24171.1793
23629.07234
23761.96724
23891.92202
24091.04342
23693.36186
23668.1162
23727.80582
23504.86736
24094.22318
24104.81666
23817.25748
23816.37626
23658.96806
23993.25788
23696.72516
23663.75528
24021.14936
24027.52346
23863.39994
23812.23512
23670.02666
24159.81914
24136.17344
23700.24302
23849.25956
23971.15166
23641.84394
23882.52914
23753.92016
23876.36354
23876.0315
24115.59482
23262.94952
23713.93808
23832.55514
23763.17564
23951.08802
23511.69938
23848.17674
23740.2035
23608.30532
23766.16418
24137.52842
23797.59884
23988.10268
23754.5573
23908.39256
23906.81642
24112.97768
24188.60768
23673.68888
24017.04878
23913.0533
23916.3911
23875.54232
23616.39296
23769.2774
24214.9964
23672.34698
23916.42938
23809.89782
23594.81006
24109.97348
23550.36206
23863.55648
23720.18084
24055.41866
24294.63068
23847.31538
23519.43746
23734.55876
23747.08874
23432.86766
23996.65052
23864.87162
24035.41778
23716.19552
23820.93704
23757.09368
23574.7076
23544.58532
23848.58126
23638.56542
23505.46862
23617.85018
24149.74472
24331.55054
23607.96056
23185.5596
23760.20498
23929.02008
24126.1742
23980.62296
23587.10318
23600.83694
23919.7184
23187.30302
23735.23808
23514.86972
23738.03504
23717.4866
23659.71686
23781.86096
24265.4777
24193.9064
24080.33204
24253.69832
23650.58708
23936.13182
24342.45056
23814.00962
24042.623
23901.41486
23738.71196
23830.37648
24277.16876
24031.35188
23772.7031
23802.10214
24322.81256
23716.4315
24145.07588
23568.78488
23853.35894
23605.53032
23655.63164
24064.86428
23939.39636
23983.93988
23623.12094
23542.64822
23898.10238
24139.46138
23800.97174
23699.07974
23998.39814
24247.5977
23703.9089
23643.14432
23932.26962
24189.4976
24135.4682
23701.355
24016.88666
24082.04192
23828.15522
24127.59584
23427.61238
24235.75532
24037.46582
23810.5055
24291.9986
23827.1642
23906.71466
24134.92334
23846.06474
24204.83294
23296.64918
24010.94714
23681.09282
23750.32568
23881.87646
23883.9764
23929.07564
23627.5598
23914.8704
23605.52474
23802.83486
23684.49032
23441.74646
23865.50408
24276.27914
23793.8027
23460.25334
23656.7138
24047.549
24272.94278
24151.75172
23701.63886
23797.4585
24006.5063
23489.42132
23789.65472
23975.4446
23763.51428
23796.46154
23667.13532
23302.88444
23712.85346
23831.42552
23786.44562
23972.4776
23785.78892
23668.38134
23771.0624
23492.3705
24215.46062
23661.8135
23636.26574
23731.48358
23846.58302
23793.0107
23746.4936
23823.02624
23708.24618
24298.63586
23964.4808
23795.48816
24102.08336
23761.98806
23215.51256
23475.4928
24075.41126
24061.90448
24017.81732
23907.3761
23989.91558
23783.27642
24093.68366
24298.79408
23719.8119
23776.96388
24040.24526
24121.23626
23506.23398
23799.07448
23785.83938
24216.12692
23888.60882
23980.76198
24027.08618
23466.47186
24249.37202
23701.26134
23789.51864
23756.46566
23719.81502
23885.81192
24168.5567
24024.32258
23892.98366
24003.06896
23694.29978
23986.24316
23765.70164
23654.77742
23875.7618
23805.5855
23874.85232
23870.58746
23476.6202
23899.93364
23837.64578
23510.62742
23678.05304
23896.17776
23760.05582
24169.58228
23257.22462
23682.89402
23789.05154
23569.24664
23253.58442
23570.91194
23670.74822
24014.99162
23880.59816
24065.4155
23932.14218
24143.19914
23468.74496
24103.01162
23941.86662
23960.67122
23607.78092
23796.38192
23877.97346
24183.87728
23722.81142
23642.68316
23366.2502
24263.8238
23374.03856
24011.61002
24085.52714
23605.08866
23655.26684
23638.02968
23660.91758
24430.52636
24321.81182
23894.18138
24278.82188
23942.6462
23908.03406
23476.66562
23923.9595
23853.42662
23690.7539
23667.20612
24210.56438
23666.09186
23773.82774
24102.65084
24025.20572
23967.40592
23981.90102
24367.47758
23698.47182
24389.8808
24237.69734
23724.90314
23648.5304
24085.56176
24228.80054
23876.57516
23486.98106
23999.01776
23487.98936
23835.54158
23520.98846
23667.82364
23896.49306
23836.65842
24272.57084
23754.04556
23721.68666
24069.9884
23904.16718
23748.70052
23709.25184
23909.86646
23830.48334
23670.01838
23755.28156
23496.54338
23769.5864
23685.74414
23911.85426
24553.54292
23659.87766
24144.33656
23845.36304
24159.01466
23967.09674
23737.36676
23991.96056
23860.11986
24040.33268
24251.97662
23878.43108
24435.39662
23753.22344
23793.39092
24039.64556
23833.35122
23873.66612
24118.2401
23869.47746
24027.84104
23689.39598
24002.69282
23473.75148
23605.2131
23759.48984
24358.28978
23529.8438
24459.05684
24077.67188
23984.53028
24260.5448
23704.83638
23779.70678
24304.58114
23632.79888
24499.53842
23636.14808
23884.3439
23790.13094
23775.55652
23753.6498
24222.48716
24234.09998
23841.1892
23869.7009
23846.39096
24333.71408
24014.62448
23837.81822
23846.102
23845.19048
24287.46212
23530.09646
23792.7737
23653.81004
23620.06154
23747.903
23861.29982
24052.07912
23594.69114
23730.73304
23505.47378
23187.75752
23595.22622
24131.0645
24111.47726
24168.60956
24374.08118
24058.4459
24580.87268
23418.4655
23169.3161
23431.85408
23957.1491
23889.49064
24003.66632
24169.75754
23154.57464
23580.0308
24284.18702
23848.90412
23833.65062
24335.19632
23795.92754
23840.555
24114.81782
23762.31248
23570.59652
24182.5241
23619.72686
24032.56292
23550.65198
23326.0805
23561.23514
23713.49888
23915.5373
23742.60422
24167.74262
24190.25498
24084.76694
24473.6108
23710.89932
24133.35422
24344.6381
23727.2177
23863.95104
23811.27932
24122.23934
24164.80424
23902.85588
23557.6475
24246.60212
24476.41736
23895.29084
23994.67478
23763.99164
23466.71834
23677.23668
24309.37772
23542.86242
23850.54488
24262.04936
23948.39378
23488.35362
23841.1373
23707.2425
23896.11536
24184.22162
24068.4434
24106.1057
23865.02078
23983.6829
23901.21044
24345.45446
24519.04382
23785.64942
24036.62654
24062.91782
24423.02786
23225.51288
24099.96548
24119.94464
23671.84772
23132.27804
23828.86994
23776.46642
23545.04528
23742.4631
24079.41752
24147.10856
23872.58792
23945.13932
24280.65782
24316.94414
24303.72386
23764.29386
24016.89932
24216.85568
24276.55748
24082.64618
23232.97868
24071.15324
23333.20532
24240.48596
24058.34222
23944.0004
23489.78084
23521.17206
23897.86508
23609.50478
23850.3581
23951.69798
24327.95126
24092.95652
23722.0346
24584.85152
23721.97628
23644.48394
24422.05898
23710.94996
24047.88866
23587.53548
23736.52574
23642.4626
23958.78488
23669.95658
23646.81938
23847.4307
23994.86096
23386.74044
24197.82416
23960.68952
23938.1957
23624.7179
23828.35448
23919.66572
24016.5281
23515.82054
24016.92506
23667.10304
24003.30752
23940.3794
23701.11554
23397.27374
23802.4568
24007.95404
23774.31272
23763.5498
23678.18552
23719.1033
23992.06796
23714.26148
23934.40112
23616.54572
24736.98392
23760.98438
23999.48558
23720.05748
23372.39852
24007.7324
23180.59748
23786.60978
24332.09324
23807.68616
23822.89046
23670.944
23717.36516
24226.55624
24230.93366
23818.77128
24249.63608
23802.41534
23289.31214
23700.06668
23971.85726
23886.19052
23545.52984
23684.11544
23727.7853
23561.18378
23509.22342
23882.44238
23729.5454
23816.34008
23836.1618
24311.3204
24225.99854
23893.29146
23559.25412
23692.63484
24143.20838
23826.10016
24016.46666
23925.79484
23911.79576
24214.70216
24092.03498
23974.56188
23865.24476
23851.47854
23571.91712
23741.76674
24237.1136
23802.30308
23479.38518
24095.86808
24025.77728
23908.1699
24095.69204
23869.4309
23733.25214
23659.56716
23791.66592
23691.38972
23863.98164
23893.2044
23557.10702
23827.02716
24007.62284
23544.35114
23759.55362
23824.23014
23666.89886
23925.56276
23983.1408
24035.11244
23595.81002
24256.1651
23616.09782
23931.95528
23485.72796
23334.13214
23970.56174
23890.59698
23749.03646
24156.0089
23819.26952
23533.45844
23555.14712
23804.6885
24294.58316
23595.43148
23317.34648
23538.64904
24183.05678
23933.97134
23862.0056
23938.7084
23881.48742
23609.138
23727.29876
24299.43716
23715.95714
24185.51888
24195.48068
24324.76982
24084.3464
23460.68774
23826.59294
23769.116
24164.6753
23497.22306
23835.6656
23904.17912
23756.14856
23981.20064
23213.92346
23805.70616
23768.57546
24323.27426
23550.90044
23816.42804
23791.20452
23648.91164
23999.11346
23871.5261
23715.17816
24182.33918
23722.7903
23571.94844
24449.32106
23404.61402
23579.2448
24051.3485
23486.75354
23886.98186
23707.54448
23586.56936
23811.41294
24301.56356
24170.62952
23715.58766
23597.92262
24592.65116
23783.82248
23670.58064
23967.41876
23635.32434
23873.42378
23749.86722
23828.59226
23744.3135
24084.84932
23996.39504
24239.41826
23787.46286
23877.86318
23520.4982
24110.73626
24172.40702
23599.5614
24020.31716
23810.7104
23619.94154
