0
562
792
658
452
312
495
1057
940
1064
592
780
796
1008
654
988
857
799
1024
657
814
598
1197
365
1016
629
1081
641
574
870
1030
678
1111
513
557
956
922
1174
647
1172
1045
559
246
988
417
646
618
1139
933
815
925
284
535
812
995
588
680
223
983
665
1178
205
517
489
704
668
1132
903
399
391
616
641
840
1094
1139
994
305
943
241
952
807
1037
1129
685
878
217
282
1151
1036
775
1186
449
552
557
512
778
395
1188
428
546
1183
833
257
674
350
336
379
1179
552
542
715
645
612
397
731
578
1189
373
510
317
985
580
865
543
889
1059
1129
910
398
315
631
969
616
1104
624
910
719
968
1161
825
1040
494
982
481
818
1114
1128
371
790
574
321
674
854
490
521
1078
418
900
539
1101
880
633
428
639
703
341
1022
968
612
526
733
973
504
829
760
314
219
738
1080
381
568
1103
448
238
576
989
500
252
655
688
791
415
1103
988
1121
1166
712
808
592
259
461
406
488
1075
206
938
558
387
717
386
813
202
251
783
653
1181
219
445
712
958
375
1017
376
643
1015
1113
861
507
371
956
898
582
890
724
1047
734
893
820
319
431
615
443
762
300
443
575
593
572
1001
938
479
930
1119
1049
383
915
965
583
394
971
993
540
661
208
316
270
309
847
592
395
227
1001
385
885
323
865
857
716
393
682
314
213
312
971
205
549
527
663
1083
884
227
472
1012
256
1101
475
363
397
842
253
646
292
461
486
951
764
945
756
459
202
235
830
641
964
270
1176
987
568
559
204
775
1045
726
930
226
345
1073
757
903
1167
712
466
233
1187
915
959
1131
892
419
537
937
341
625
742
824
1060
217
535
1165
961
975
254
276
562
216
611
684
513
251
1148
950
601
715
906
880
483
693
941
597
877
772
881
1172
504
981
771
1090
718
908
204
854
1060
1197
1125
969
852
506
1169
1049
974
648
1000
237
700
1152
635
359
1047
455
213
1013
205
578
881
1056
1038
672
1086
1140
227
949
238
1105
312
1038
1008
838
232
656
381
674
1186
257
591
280
1161
815
367
416
397
369
909
283
1024
507
844
796
318
854
511
753
468
1167
431
208
611
762
693
996
506
204
529
425
234
618
974
971
437
1028
1093
324
692
1121
410
329
1055
545
874
931
837
222
885
637
314
436
411
956
963
637
846
817
1135
1157
697
718
583
441
289
260
238
707
1152
218
597
782
210
945
210
853
990
931
507
395
1052
582
261
772
260
1014
230
1146
305
910
594
719
568
396
395
1180
820
1197
466
409
889
748
201
1152
953
488
980
419
1150
990
716
352
695
587
472
393
503
504
1106
778
956
955
777
946
307
449
592
761
624
356
831
415
1098
865
649
281
769
363
793
833
667
1015
1149
742
917
824
531
309
1130
950
472
373
810
426
1180
611
263
400
719
331
815
489
560
702
798
227
858
606
326
885
335
972
707
939
509
355
695
572
801
780
331
872
410
789
975
523
201
1136
645
241
458
877
961
1030
458
447
505
780
783
671
217
297
586
736
496
1069
810
693
808
532
841
1058
652
521
1052
766
1157
748
604
1002
611
540
926
840
468
1061
1142
603
1044
1058
1100
1170
949
1151
933
879
557
335
621
777
485
706
713
265
488
900
931
920
242
862
505
836
278
1148
877
762
1132
993
362
936
726
1144
1052
275
594
1118
976
725
460
796
734
466
673
349
686
618
384
1039
501
1022
295
767
825
938
248
445
1179
1086
487
624
1029
956
795
779
225
424
453
635
962
887
780
741
261
1017
475
444
436
208
971
782
450
497
430
237
689
720
802
1064
1198
908
824
330
1142
357
404
538
243
449
368
724
1143
434
456
266
942
577
418
724
597
218
258
205
458
967
1030
937
997
695
932
355
330
318
612
399
473
479
207
874
318
511
288
1151
617
1082
792
994
485
850
592
908
1043
787
1032
270
485
815
339
289
633
1166
459
905
672
706
583
479
745
369
515
556
938
636
804
423
711
844
650
704
810
441
693
591
467
285
221
1068
1070
1072
652
773
1138
253
378
590
208
979
481
1174
1040
296
1035
348
1086
958
810
238
365
1186
1181
648
256
432
772
1175
553
1011
676
1093
266
963
433
550
293
676
934
222
314
505
666
1161
582
465
555
1001
946
749
222
864
668
554
1129
807
966
1129
903
837
583
294
808
890
1052
1043
247
613
874
1124
1187
704
801
275
246
1191
972
753
221
278
215
947
573
214
568
459
339
309
476
574
931
1142
669
1190
942
337
479
250
509
855
590
1185
281
1083
1062
515
967
1142
900
822
578
523
392
443
1095
1188
898
398
905
1077
443
719
677
1193
824
740
1159
817
709
1124
711
479
1183
208
539
485
647
689
371
491
868
849
584
739
598
1024
984
797
506
289
790
586
827
614
397
813
608
849
839
806
821
407
469
625
1123
412
503
1002
1066
739
220
479
857
410
268
594
770
891
314
350
425
1028
407
726
242
624
370
1085
394
678
249
734
332
210
1071
1044
1126
879
1100
764
1101
419
1193
1197
1138
504
460
430
588
703
303
794
362
214
1115
650
406
578
1052
963
693
1001
1177
1014
545
662
587
664
586
760
743
226
403
446
1076
1098
985
343
958
332
993
742
423
391
1046
586
615
469
248
1056
262
341
739
296
843
822
633
841
492
904
345
503
1018
669
1086
1165
537
1196
661
811
332
1058
512
495
549
603
1079
376
216
230
1084
437
746
460
342
520
772
585
1116
921
1076
941
1084
312
1117
844
758
735
355
217
712
888
390
257
1180
485
760
982
483
458
1086
493
415
1198
1169
254
1054
477
521
233
228
580
394
682
677
791
658
629
663
207
363
863
222
425
870
650
1030
789
644
1052
329
940
808
465
1084
841
314
1176
781
632
872
1177
357
1139
550
758
1192
269
557
1148
1088
213
1138
1189
1186
286
823
1002
387
819
419
262
959
371
588
1069
1141
276
497
1047
290
796
381
710
238
1144
819
356
743
443
779
1084
408
448
1073
814
247
692
1118
609
686
390
893
766
1119
899
762
1019
259
314
234
1083
318
424
1032
1177
532
712
687
653
707
491
623
307
395
928
527
775
238
796
381
697
1140
510
540
945
352
252
1047
693
530
1036
946
626
947
302
825
876
1041
958
845
1160
1057
306
758
688
932
942
552
317
219
334
1072
323
1052
327
655
267
981
386
1077
547
666
262
267
590
452
358
308
358
590
392
902
606
395
720
1069
300
596
1001
1195
929
664
841
634
1064
627
221
871
1015
285
384
1135
823
875
923
211
991
1150
518
278
383
386
221
1048
813
225
242
412
859
510
956
918
820
1097
388
720
541
343
1057
1113
1125
1127
276
1007
853
299
511
872
315
1143
370
985
892
820
249
1175
899
256
1001
839
243
579
929
639
868
985
647
734
304
1093
1105
928
1105
935
1051
1036
731
1138
747
564
661
577
595
1030
608
867
441
943
722
1105
580
323
683
824
761
1063
772
500
1145
655
579
603
204
1170
1173
1189
567
353
741
221
780
682
725
788
653
769
790
385
949
645
489
451
480
333
616
1055
436
633
729
798
1020
717
982
1002
1192
581
755
482
740
772
620
1136
1086
462
385
758
1063
740
573
1065
933
425
940
841
679
565
272
683
242
538
778
441
368
1156
295
537
957
279
495
421
992
347
1068
399
735
561
843
428
287
502
1105
582
843
315
619
871
735
424
1185
1021
385
698
948
237
448
383
300
1193
575
841
756
1118
442
438
370
1079
510
877
532
609
891
1091
1114
710
599
612
661
1000
267
1175
661
788
518
746
545
703
261
1192
827
1039
520
767
477
644
265
647
1029
1126
1129
453
926
230
277
728
216
273
1157
718
657
726
269
718
1086
1131
409
656
983
774
491
915
1142
1099
453
967
677
665
638
209
489
690
543
838
1172
835
1195
558
379
1022
812
263
1090
1094
875
397
849
518
462
1067
648
348
929
493
200
329
287
375
726
213
1044
538
578
212
760
1169
1089
672
322
218
958
824
1104
781
728
259
651
1193
474
495
428
469
1042
470
840
1039
303
598
1112
842
702
734
1139
1093
678
1167
995
463
348
202
265
770
640
682
767
540
700
1023
655
482
827
833
484
392
855
343
375
1100
345
926
413
550
458
337
799
748
885
520
1146
332
1074
907
683
704
1004
971
1081
284
1175
404
215
706
205
955
248
1169
402
576
1076
1103
239
502
835
527
749
394
265
230
1078
553
369
345
959
697
306
553
1199
260
736
258
1061
392
1071
1129
365
242
257
844
455
1120
365
832
340
869
839
633
379
464
1059
370
567
1088
836
967
973
597
795
605
629
780
1184
810
1011
1188
1088
790
657
208
1127
871
657
486
1159
418
1065
552
811
801
428
224
796
380
397
872
258
1107
786
902
1099
237
400
405
1082
729
389
222
953
870
1170
694
295
551
757
958
1157
1029
503
707
840
744
713
748
776
951
854
335
696
1017
923
996
600
1071
235
410
1092
967
285
1187
416
943
1032
741
860
489
469
612
221
549
303
1189
584
1195
523
704
916
956
293
739
698
924
662
291
801
1084
978
543
1042
992
477
979
1172
906
554
1054
626
1193
806
271
1096
1113
489
230
425
939
792
950
828
347
1000
970
1109
877
1019
232
882
758
586
415
387
358
900
1100
379
660
890
830
616
1071
1118
933
781
697
760
962
291
864
239
942
799
763
439
274
830
483
1133
790
393
1141
1137
280
811
495
927
515
908
528
788
1048
263
207
1013
373
360
288
1030
949
228
723
1033
1009
309
439
1030
1188
376
1115
952
878
1148
382
1101
226
978
1065
870
793
1094
548
507
998
377
592
969
279
402
444
1038
675
612
297
272
383
1129
975
413
869
676
578
285
623
287
263
903
1054
1124
488
245
574
1188
956
594
1193
1026
892
815
893
1166
746
1079
838
1153
296
984
