243.481575944
158.383204641
151.92484516
157.204130124
243.0211571
164.651589347
125.097443547
222.286110596
188.42669476
227.297327325
181.923831142
118.939576187
184.562052053
186.403164122
129.724328407
183.905877648
157.580434689
148.456207082
143.548131781
241.284714983
243.936120989
256.186995988
132.834303554
158.755656584
158.379958372
227.477340167
251.177581631
154.432300761
51.9717285746
185.841108946
141.842067037
146.3764896
205.874213958
192.306076978
136.990096288
264.553421892
184.978450812
161.563632986
193.79066848
139.113769663
121.558517259
111.566655468
153.801120188
235.174259291
185.997090591
158.859424352
144.366464062
117.140324144
222.430033205
85.5798375852
104.718556079
195.705316413
139.45778763