439687.559
439636.41266
439645.31894
439651.74044
439685.003
439655.47202
439642.32998
439680.91148
439666.21406
439691.1215
439647.65564
439625.78426
439670.98436
439672.78994
439646.4692
439663.94774
439661.51162
439657.15154
439631.94248
439670.48486
439685.42606
439700.98142
439634.91134
439661.92574
439649.38754
439661.7023
439698.7223
439639.10156
439616.67098
439658.83094
439654.23632
439648.54346
439680.91424
439663.88792
439635.32162
439700.47982
439663.04156
439662.21788
439674.50456
439654.88978
439631.81108
439640.88998
439655.36216
439668.91976
439671.2903
439637.34878
439647.15206
439636.53356
439679.13428
439628.59004
439629.3917
439663.36802
439647.89138