510395.9202
449011.15168
730042.9861
331650.12224
596079.5475
260844.75368
660589.86396
449985.30872
368426.97826
186403.1722
159541.7494
407247.03992
189466.66412
652488.58864
392958.54624
180738.53126
499075.96938
465367.39576
223437.32502
366421.22216
210204.87804
507179.20054
316977.1196
303396.19492
443706.80796
275992.18322
339551.29698
299906.7381
400678.99512
143534.74152
238675.55796
553002.82138
465124.1098
433536.57872
292424.5221
528593.3184
747053.579
436514.76792
510001.06506
428683.34496
712074.86144
468364.34424
755109.62062
637074.4719
426269.03424
437584.16394
302734.90718
287582.6472
683125.73696
138046.1764
603274.42604
658292.4253
609937.78736
267097.6505
523297.1882
321415.5323
291603.94032
158327.17556
503235.21248
301540.68252
613427.26324
234894.2854
399269.52282
166624.53368
374603.68338
691753.41956
576940.819
552444.8389
301446.2575
185538.76916
292118.14632
366343.03544
732927.58552
464228.62912
289180.3298
465065.42408
161993.344
256118.49032
664612.6642
146866.2842
432165.7552
733412.0196
753307.30562
158172.0425
304386.14264
546282.90432
720195.00112
271848.5542
166960.0594
600047.17564
360180.4715
740200.7808
139339.12538
678787.61144
585726.55808
405532.38062
616646.93876
182770.38794
706278.3971
135289.15242
613067.9933
595515.2302
390663.84864
294670.779
230735.5676
631218.14736
711749.18496
437533.36876
533830.2312
127468.38724
443789.26592
669947.4422
297948.79168
260367.3266
716865.62032
610509.4546
144387.2928
127145.74188
469819.47572
517534.5029
263117.8684
354658.01296
554059.83584
438588.1561
174596.21902
261921.025
346526.94438
677676.34826
680631.332
280741.55948
594353.88614
355228.36726
695274.15284
528633.96536
691952.756
271443.77414
427327.43988
259548.6386
644675.97488
576407.7087
142135.30688
689728.49804
194564.03772
672995.51312
149731.76428
221267.669
711902.8285
510357.672
485478.46864
537817.48244
668245.99114
329797.7176
410511.023
144654.6038
640191.67578
716707.5748
342434.15434
443301.36748
720140.8592
373902.74556
479397.63848
433112.52482
199606.75936
261075.90152
344699.49906
178295.7435
297416.34736
741272.56064
547712.3236
470955.45762
573677.147
555608.35652
321385.25172
677556.77598
135614.3417
365327.05016
317753.1983
630314.0726
413533.9225
198382.92928
464657.0852
752748.7716
238752.3281
626198.82816
742498.02088
754608.6548
621632.6923
212252.1542
376906.40994
274338.0836
358293.7638
316358.85212
259687.3088
729744.60672
448921.66958
245366.48864
175335.92622
203649.99482
632979.45384
207788.3214
706701.3084
371642.6402
204329.2832
475601.76216
569702.82116
553148.11492
696235.23744
474852.42812
469607.3744
405180.2368
469095.66352
296153.90518
483233.67376
167908.25996
504954.86958
250843.12402
342667.5728
710241.50504
755741.72646
211645.80004
562665.3692
149120.6224
322450.0908
610291.53148
506555.78878
624956.41624
279057.86748
532791.27874
358250.35428
369667.08272
717873.54496
291123.09506
373149.80976
233025.6892
318607.23888
308500.77536
511518.1368
290603.55798
139729.17984
306099.1073
751647.81278
558953.09596
603155.9828
557579.97288
251393.92
155493.31836
706821.08312
338599.8504
290068.12616
601180.5793
445506.71404
281252.08416
467232.84792
410446.60328
727466.425
596487.91166
308792.28234
186900.43086
196327.26672
347757.289
455450.3646
518347.26516
340663.374
390866.85898
669561.6352
636955.26928
408992.62608
719235.5597
612589.878
285153.14442
668528.4332
321096.63362
596899.56228
324306.72232
709372.92944
747769.65912
736437.78
629648.67048
742606.22688
525360.64314
589020.22018
634217.66408
392277.83008
196147.83576
679865.96454
621698.03146
758933.9362
327376.3124
443829.62876
733849.278
235016.04286
404395.57268
453738.35048
685293.0928
427895.6968
165188.66296
513248.45704
518720.64044
548043.44296
386204.87594
490398.25268
476570.5262
760838.63464
198126.747
228980.83388
133994.46174
720092.4418
365576.3896
220283.042
364531.81824
310532.13494
473648.37768
599469.02704
638822.52968
710865.77284
132399.8508
414167.3599
386708.51296
479042.49928
750620.21944
275415.28476
428391.8955
386208.35864
316100.2502
350564.10844
603421.44488
282870.27328
480143.4976
670094.28024
285657.30624
709254.8512
388235.99584
463885.15208
270739.1026
208843.04624
456491.27436
648563.16224
423393.01374
729384.34856
213265.69156
496667.5174
181352.11822
726678.85824
362918.32836
130376.7856
364866.574
351586.81496
311628.4875
739228.079
667039.70432
163287.3944
485657.4338
344210.10006
224627.56096
377049.40322
532024.02568
595843.082
133423.65982
599408.6137
142061.211
220042.109
135440.37316
566857.86932
316699.91136
698614.28912
459458.165
664339.91008
307652.65806
744867.27628
233996.57834
717915.62542
336768.05512
628708.6
495522.4328
432644.3534
286299.86456
376172.47408
142524.79658
319217.6407
137513.82884
632838.74654
431975.12312
289760.6332
632013.34196
460409.58348
565200.02944
315961.45056
373879.99168
286642.9074
697714.73202
447067.262
399777.31912
156501.52
195271.005
669522.712
687518.19024
211499.8916
286179.04496
510270.35776
530632.3353
139223.6824
537137.88276
577260.7998
312173.1236
564263.07122
738198.99776
446045.09312
185486.06432
202946.9078
234878.87584
306781.73604
509481.42546
424073.08608
439167.7478
342238.45648
292216.92704
295781.9792
316725.32
333445.25288
669764.02732
300627.6759
239907.48564
453505.81254
738486.4266
289526.00072
219872.05152
646522.1626
341631.7128
186581.24384
482966.39524
215346.66956
145090.2422
564778.2591
414656.16992
423159.15264
311643.2452
492169.11736
383514.15488
513290.925
263872.2473
219196.1226
662810.21832
587373.6572
743560.48
676285.98118
191544.18306
306935.6159
242186.7179
653359.9618
743277.7464
695338.48776
380208.552
528581.86598
742364.10976
340086.92992
297125.35426
167279.29322
610261.42076
412512.8692
755610.42742
274886.91688
142104.79528
544047.0818
451773.5794
597600.59788
222873.52384
148736.80128
179559.1136
140141.55372
195933.13584
302599.58792
370208.27552
242524.924
678076.3982
455328.6336
402182.53728
376053.3184
606025.9819
576707.13304
372099.5834
510534.8676
487962.33232
385198.69184
197773.79804
690936.77784
343944.9966
162176.93048
227431.56612
544347.78596
467469.23106
265858.61328
260258.2256
704087.16126
502239.08152
654801.3136
374329.24864
228182.58044
614716.36384
729016.4473
457916.3075
682386.2538
152774.58548
454535.164
601159.373
320504.7296
686528.72272
173624.1155
405703.17766
466106.89828
716486.0118
660857.77272
587530.09882
644329.43104
302510.85416
726650.98064
663737.05024
126616.4526
637033.41312
249260.9181
628178.1462
300236.5465
556088.18672
588109.52996
284834.81226
604850.85608
242348.1524
370707.44416
609130.89048
623143.91048
188085.8
741757.49956
716457.03244
128767.40304
604853.57128
422267.87672
516022.1788
705152.52214
656839.76184
720917.86624
139214.4292
355708.99224
690037.27286
232845.958
584443.7888
178548.63276
468588.77832
248115.4817
369593.45632
480460.90344
437433.76908
409496.3285
602107.65708
656816.4536
705109.83024
594899.88918
655503.68
488231.72944
650393.35584
201849.33612
300206.5075
448521.4982
233314.21296
194363.41306
532496.55796
316984.94824
268252.83472
417834.13792
422014.15008
371678.62058
305104.39432
555401.76718
288895.334
574358.54828
356718.67588
652206.9592
610283.69878
752920.973
220045.02144
480762.0616
320731.0134
237023.9925
502053.77272
210570.23232
357264.37744
373198.90002
724476.448
337625.13904
539318.84776
269411.6442
497064.31052
726630.904
686290.28776
537205.596
261138.27278
213897.1015
212155.12828
681273.38356
538365.89168
728211.72664
393301.34688
473606.41768
164161.8368
592642.69482
547984.59688
126855.78184
753839.5208
497099.6664
660198.97938
350299.2968
490962.25264
742822.81288
595002.12936
518527.738
175863.57284
278388.99712
160788.5056
719025.46144
338245.4404
378433.2685
372159.54968
496016.0518
603156.87636
169736.56286
176411.6536
549291.3954
474481.04364
627506.81968
676607.52726
135197.9813
140379.11592
755349.287
669454.48616
152044.25852
335789.70712
682321.90016
730314.0908
387648.84168
722512.54316
251680.936
649933.9552
589196.96122
234461.563
566331.68462
130424.51484
543914.39716
275064.28168
416814.25536
221314.415
555157.83716
345957.5525
448650.7892
550743.6343
413013.0336
186402.1279
194343.8196
417414.56512
301971.40034
138839.7472
437127.4632
426180.5955
489769.4386
256157.85536
197515.05072
456968.8136
224346.8437
668596.8612
521197.35344
282839.71488
245189.09624
530038.5832
723282.37696
199789.4178
480844.9168
656605.25896
139815.82238
248563.5152
713287.27462
367864.4299
411916.19712
149547.45504
296787.30844
182785.66804
247698.59072
153298.74076
351799.05708
380735.6196
496835.66482
279300.58448
493306.8972
170925.03246
467201.4716
709292.52648
462964.56682
388520.37476
501064.5387
154819.1162
737752.94252
216273.71216
128650.6824
544185.1031
374995.51452
599818.22
748775.5712
221080.76476
586863.30932
136534.62928
372855.18624
246489.438
181351.30496
712687.27868
519158.5312
266111.16966
467370.01186
534930.4103
620246.3245
258220.1648
373639.59072
197597.9078
157304.59952
368451.2796
264525.93758
551985.09806
153841.64576
648526.15168
240962.56608
139703.31128
646906.23452
202349.81004
134338.80388
567714.7664
603321.06488
610969.172
256761.91912
166834.8787
198142.45916
684002.16808
647904.95336
486486.10244
135024.48556
458028.72456
251617.72
189338.7002
656950.954
471650.18348
511343.94736
340504.08436
595013.6402
463041.88112
578086.6605
435344.76928
148646.806
581826.69194
680946.33952
483965.18192
711027.6037
721395.31552
743960.4812
660630.47052
197245.91328
308440.26102
163108.94612
408601.95452
275958.95368
154897.6436
452121.22856
744801.7456
415009.52892
251782.59284
551027.3064
413271.09976
275140.5314
726953.31852
241612.19492
286056.74352
662313.62622
452502.15594
570725.00436
625354.24432
649229.34968
219798.6792
561753.4923
545944.53572
289241.77508
574471.38882
483887.67196
721099.56702
468949.53568
621826.5508
420629.87008
477572.76428
543679.57496
297873.68704
137926.7407
467545.8643
346028.69426
683574.86608
250133.3708
750806.32968
299997.85696
560148.8025
591065.8432
508215.70748
656697.92334
614337.38952
586223.91932
307616.87134
487916.91946
167284.2763
179314.3905
321216.4212
136027.52064
284728.23948
367383.38494
616319.35382
251302.397
413710.0258
354710.29344
319011.76466
603309.47816
594566.42412
513151.9871
347522.395
525127.388
353794.50248
566657.622
503732.22974
581005.6935
525152.63822
173728.5605
263807.94752
689920.6888
267692.72436
466615.94744
444380.06512
481853.6344
382809.39774
657429.7894
336796.1425
670280.7454
475825.8957
384776.56092
681699.19004
133332.6288
637564.34336
348982.63832
175101.39692
753456.81088
684316.17514
150915.87602
408263.93712
257763.515
351094.29788
162979.00764
693271.436
408271.82924
311744.82292
215966.92474
141341.6745
264227.32204
682384.45926
672695.29014
691631.90644
370087.8898
201583.4754
547733.70674
174705.8748
376016.4936
209818.57288
209097.80312
686453.0278
469170.84912
602530.6339
362769.6646
221834.522
485347.87972
607779.346
334287.7904
565040.35628
152588.0906
390641.0136
603263.6062
611764.7173
617666.65832
573829.64984
645798.6588
599015.10588
453070.06296
218266.73372
693757.35562
506096.72712
414529.82694
319091.9563
632373.88332
266731.38072
564069.68704
251603.34956
499929.98104
677037.7562
153559.043
369400.72276
662670.08788
642994.7251
161081.12896
364988.67672
392979.8948
156423.644
411204.4684
688578.36584
244366.80332
169703.8444
252484.71024
695769.9734
722344.8172
237150.1275
493577.361
190497.52904
675981.9374
744523.65944
552261.993
607264.54506
597553.3561
482749.37232
544119.17264
679405.40216
590862.65252
301070.13664
142980.49632
620653.13904
407598.3504
685895.4368
286145.00936
690994.19648
667645.48304
734712.341
607131.58504
404596.31282
503380.54552
672023.77676
707574.91064
595679.9172
760528.314
197934.40904
246577.23712
601564.70168
539906.96416
282751.7783
653717.7296
495266.928
401112.57828
625351.0279
317854.23264
268223.09536
131589.58934
736104.5743
629534.05498
690506.029
503219.74052
611902.2094
677252.13248
733654.00082
509766.91246
162646.97834
321444.4786
313052.0679
450103.16032
133993.68216
682744.90332
413511.46304
456962.222
128904.0504
197787.83384
303617.42636
201251.865
394784.8
249287.8733
381442.42164
199550.14958
163806.51322
698124.23212
432235.4521
339998.9148
550013.52952
199655.16424
311974.06136
296083.87848
128106.2992
226798.42012
226146.45916
757521.22888
514414.219
602754.7249
300944.7145
748444.05836
275971.9676
244652.85504
310914.8498
582975.08644
349766.3617
432213.2597
185691.48662
333939.78352
