[0, 510300, 527553.0, 501017.4000000033, 501838.7400000017, 511270.4609999988]
[0, 453544, 448915.99999999645, 450026.72000000416, 441122.4480000023, 451446.5904000023]
[0, 743270, 751192.0, 732412.1999999951, 734577.9350000011, 688762.7954999991]
[0, 336753, 330903.29999999923, 336658.14000000135, 328820.59599999996, 325115.5752000002]
[0, 582180, 587156.7000000011, 609373.439999998, 598265.0700000019, 603422.5275000008]
[0, 263907, 258785.79999999804, 260342.81000000038, 252246.35800000082, 268941.80040000036]
[0, 634218, 665254.2000000061, 659586.7199999938, 659060.4539999994, 684829.9457999965]
[0, 460598, 437496.80000000325, 447043.8699999959, 452707.229000002, 452080.64459999854]
[0, 363209, 368339.4000000019, 372432.06000000087, 386817.00200000167, 351337.42930000025]
[0, 182900, 189832.5, 188950.44999999917, 186657.11999999968, 183675.79099999918]
[0, 159896, 160174.29999999853, 162476.60000000155, 156191.3209999994, 158970.52599999972]
[0, 407008, 406879.2000000035, 409223.3599999965, 391918.4360000005, 421206.2035999997]
[0, 195394, 192374.00000000172, 184757.56000000093, 191086.27200000107, 183721.48859999963]
[0, 656824, 663972.4000000017, 656565.0000000009, 628201.3919999984, 656880.1512000026]
[0, 396864, 402355.20000000356, 387023.51999999926, 381117.9840000026, 397432.0272000014]
[0, 180523, 184684.50000000166, 184311.39999999962, 174659.3029999996, 179514.45329999938]
[0, 493914, 502593.00000000396, 494695.10999999614, 506162.4360000021, 498015.30089999904]
[0, 472221, 464978.8000000038, 474585.79999999626, 446485.3249999992, 468566.0537999987]
[0, 227409, 230657.70000000193, 226248.7499999983, 225886.7519999995, 206984.42310000065]
[0, 361963, 374628.7999999966, 375081.9800000034, 358684.4169999989, 361747.9137999991]
[0, 207459, 218181.5999999981, 208224.89999999886, 204116.67899999916, 213042.21119999952]
[0, 506566, 496498.6000000038, 495563.76999999926, 505556.0639999983, 531711.5687000034]
[0, 324938, 306679.1, 325576.8100000021, 311635.661999999, 316056.0259999993]
[0, 304473, 299518.6999999973, 312962.65000000305, 303289.2590000007, 296737.365599999]
[0, 446472, 437135.3999999967, 437774.22000000137, 458061.31799999863, 439091.1018000023]
[0, 278369, 272688.00000000146, 276948.75000000023, 273625.3650000012, 278329.8010999996]
[0, 336162, 344861.3999999988, 339416.22000000207, 329161.1309999985, 348155.7339000013]
[0, 305280, 301988.70000000024, 300686.4900000013, 298671.1650000007, 292907.3354999995]
[0, 401952, 412573.19999999634, 393391.4400000024, 394036.34400000033, 401441.9916000012]
[0, 144552, 145828.79999999865, 143724.36000000135, 142260.14399999948, 141308.4035999997]
[0, 241164, 234889.19999999815, 239557.50000000186, 239174.20799999818, 238592.88179999928]
[0, 559526, 543827.6999999952, 563209.4000000014, 554909.4720000036, 543541.5348999974]
[0, 478590, 470724.7999999961, 474004.43999999785, 446667.6759999998, 455633.63299999817]
[0, 427378, 444116.39999999624, 420840.42000000284, 452142.59999999875, 423205.47360000195]
[0, 301320, 290764.5, 287621.1000000006, 294222.2400000006, 288194.7705000002]
[0, 542640, 525252.0, 522412.7999999965, 529652.759999998, 523009.0320000017]
[0, 734375, 746947.5, 714870.0, 753790.699999996, 785284.6949999975]
[0, 445599, 432432.0000000032, 440359.91999999876, 424783.3590000012, 439399.56060000067]
[0, 506796, 503567.99999999563, 527802.210000002, 507071.99399999855, 504767.12130000134]
[0, 431886, 427479.00000000314, 415932.6600000021, 430484.57399999857, 437634.49079999863]
[0, 710368, 701375.9999999973, 710435.4400000048, 706256.4079999991, 731938.4591999986]
[0, 474981, 448897.79999999644, 480879.3599999969, 467229.3990000027, 469834.1622000001]
[0, 740747, 754301.5999999959, 737453.4700000006, 765384.269000002, 777661.7640999975]
[0, 641985, 634806.9000000007, 645847.0200000012, 641917.2630000019, 620816.1765000015]
[0, 415296, 428937.5999999968, 428151.3599999978, 425198.59200000163, 433761.6192000012]
[0, 440055, 433332.9000000032, 438017.5799999988, 443053.6110000013, 433461.7287000006]
[0, 306560, 293914.4000000026, 303566.25000000163, 307289.99600000185, 302343.88990000024]
[0, 287736, 288100.79999999737, 290531.28000000276, 291533.1119999989, 280012.04399999935]
[0, 701760, 688812.8000000062, 682165.1199999938, 671684.4160000022, 671206.3488000031]
[0, 140800, 141570.0, 136078.80000000057, 139201.91999999926, 132580.1620000003]
[0, 594672, 597149.8000000054, 626511.7299999987, 588341.2209999991, 609697.3792000014]
[0, 646258, 653738.7999999988, 677781.2599999994, 645999.2889999996, 667684.7774999987]
[0, 618552, 609065.6000000056, 613470.0000000006, 597601.5759999992, 610999.7607999995]
[0, 274975, 262990.0, 270062.0, 268912.800000001, 258548.45249999978]
[0, 530370, 526552.0, 521804.40000000305, 499641.74000000174, 538117.8010000021]
[0, 320670, 320262.8000000029, 322578.7500000007, 331008.8079999977, 312557.30350000004]
[0, 288750, 299699.4000000003, 286546.26000000053, 295369.074, 287654.9675999992]
[0, 155871, 163802.59999999966, 159071.25000000064, 156610.9479999994, 156280.07979999977]
[0, 493584, 492555.69999999617, 502633.0399999968, 498756.34899999807, 528646.9733999986]
[0, 296694, 305709.3000000001, 302298.7500000013, 306006.94800000056, 296994.41459999944]
[0, 625581, 633804.5999999994, 608859.6800000025, 617297.6810000027, 581593.355200003]
[0, 230140, 234247.0, 235112.79999999847, 230860.76000000164, 244110.86700000113]
[0, 401955, 399106.50000000256, 396884.6700000012, 406084.6920000002, 392316.75209999917]
[0, 164901, 167872.89999999845, 162676.02000000037, 166409.56799999948, 171263.1803999994]
[0, 375876, 363405.8999999968, 374546.2499999983, 372648.5490000016, 386541.71790000115]
[0, 690314, 695455.7999999974, 685927.0599999959, 677792.076000001, 709278.1617999988]
[0, 567840, 582036.0, 558257.7000000038, 591783.9200000025, 584786.4749999978]
[0, 551633, 568909.8999999947, 542459.5800000014, 560689.7790000035, 538531.9354999975]
[0, 299250, 293930.0, 297820.25, 310985.3500000017, 305245.6875000001]
[0, 183125, 181689.29999999842, 189650.11000000112, 192472.5789999995, 180756.8568000007]
[0, 288288, 296095.80000000045, 288107.8200000006, 300444.14400000015, 287654.9675999992]
[0, 361828, 363677.6000000017, 364353.8600000021, 372070.73799999896, 369784.97919999895]
[0, 738283, 721709.2999999967, 724722.6999999987, 738433.6699999956, 741489.2576000035]
[0, 471776, 459263.9999999963, 461464.6400000035, 464076.70400000317, 464561.8016000012]
[0, 292204, 288768.99999999924, 284839.359999999, 285768.18399999966, 294321.10499999975]
[0, 460952, 458016.00000000367, 471374.80000000296, 461203.0279999995, 473781.2923999995]
[0, 160000, 161407.99999999974, 166566.40000000098, 157480.96000000017, 164511.36000000022]
[0, 261294, 258200.800000002, 251057.94999999806, 256629.37300000092, 253410.3286000007]
[0, 678776, 670027.7999999982, 632347.3000000025, 664588.106, 677324.1150000008]
[0, 149586, 144786.1999999987, 147663.75, 145891.78500000003, 146403.68600000048]
[0, 439632, 442728.0000000035, 426718.23999999627, 429276.2240000015, 422474.3120000012]
[0, 752310, 739206.0, 761260.5000000034, 699173.279999998, 715110.317999998]
[0, 743062, 756118.9999999932, 734206.9800000064, 743234.1150000014, 789914.4331000014]
[0, 157879, 160539.59999999977, 159495.44000000064, 158816.73599999934, 154129.43649999978]
[0, 307516, 295128.6000000005, 309540.39999999915, 312391.43000000087, 297354.28319999983]
[0, 542592, 541382.400000003, 565081.9199999968, 529600.0319999986, 552758.1695999999]
[0, 732522, 707534.1000000029, 699969.270000001, 757046.6540000004, 703902.9816000004]
[0, 272620, 273351.0, 265245.50000000175, 269242.3499999994, 278783.9209999998]
[0, 166420, 170183.0, 170183.0000000012, 163017.39999999964, 164996.89700000064]
[0, 585574, 602601.9999999994, 604323.7199999975, 594411.5320000012, 613324.6262000027]
[0, 368575, 372255.0, 358575.75, 354980.27500000084, 346516.3325000012]
[0, 735930, 737685.0, 737532.9000000028, 748012.5899999979, 741843.4139999979]
[0, 139893, 141926.2000000005, 136323.85000000068, 140320.19299999956, 138232.3838999996]
[0, 659895, 682106.1000000063, 705400.9299999984, 690712.6330000026, 655823.3942000002]
[0, 583380, 592269.599999999, 566508.2799999992, 594051.224000003, 592423.6864000002]
[0, 404471, 400817.29999999655, 405150.45999999787, 412625.1610000005, 404597.98210000206]
[0, 606802, 624236.5999999997, 617272.5000000024, 603445.5960000039, 631477.9977999993]
[0, 178514, 176103.20000000153, 185766.4899999996, 184117.38799999945, 189350.86169999922]
[0, 704680, 698659.0, 697209.4999999952, 707950.2950000049, 722893.1904999967]
[0, 134190, 132635.09999999884, 130669.11000000035, 140856.2609999998, 138095.29110000032]
[0, 604090, 599651.0, 616461.2999999956, 608470.1349999976, 636667.5315000025]
[0, 599764, 601372.1999999994, 601126.2399999975, 594411.5320000012, 580902.1790000024]
[0, 408096, 392620.8000000034, 389132.63999999926, 383859.84000000264, 379609.96320000116]
[0, 290160, 288346.5, 303338.10000000015, 299330.2650000005, 292179.03000000014]
[0, 227395, 232030.5, 237487.2500000015, 225335.3049999997, 231429.7829999992]
[0, 613536, 652579.2000000014, 617749.0799999975, 623640.4200000026, 648586.0367999993]
[0, 708384, 711204.0000000064, 732026.879999996, 711247.9920000035, 695883.0527999965]
[0, 437914, 435762.60000000364, 453896.8199999962, 429970.4759999985, 430122.9477999989]
[0, 530040, 524160.0, 508216.7999999967, 557334.9599999978, 549399.3960000012]
[0, 129280, 126573.2000000011, 125286.4600000006, 128700.25999999938, 127502.01619999968]
[0, 448448, 447532.8000000037, 442590.7200000022, 429979.26400000195, 450395.54559999873]
[0, 679040, 648271.000000001, 686753.4700000003, 669001.8789999981, 666670.8619999985]
[0, 300192, 299436.80000000034, 291153.1999999981, 299688.3759999992, 299273.5824000005]
[0, 256250, 255840.0, 255680.0999999985, 272933.3099999989, 261133.22299999892]
[0, 722630, 726385.4000000065, 721207.4999999935, 692551.5219999972, 721553.6795999986]
[0, 609210, 621007.3999999942, 596493.9499999969, 618229.2089999998, 607606.7139999969]
[0, 144324, 144050.39999999868, 141027.1200000013, 142761.05999999947, 149773.88399999985]
[0, 126027, 128820.900000001, 124666.23000000058, 127621.53299999937, 128593.04640000049]
[0, 482662, 468413.39999999624, 455127.13999999786, 472021.0559999999, 470873.7825999988]
[0, 506930, 515976.5, 519260.94999999646, 503145.9549999983, 542359.109499999]
[0, 259790, 265434.0, 253888.70000000147, 266232.46000000095, 270244.182000001]
[0, 356870, 357263.39999999845, 351418.6000000023, 348189.34799999965, 359548.7167999994]
[0, 527560, 555463.999999995, 568840.4799999994, 580482.5519999985, 537952.1471999984]
[0, 441898, 444895.0999999965, 441723.7499999978, 436423.06500000146, 428000.86549999844]
[0, 175341, 173208.10000000155, 178825.66000000096, 177093.57899999962, 168512.75609999997]
[0, 263110, 262736.5, 259499.5000000015, 263497.19500000094, 260761.9300000011]
[0, 348066, 354708.9000000033, 327516.9299999993, 355815.1349999986, 346527.756900001]
[0, 677063, 684895.9000000063, 665506.7899999985, 683640.4900000024, 677275.5613000005]
[0, 669272, 685412.0000000023, 689188.7599999956, 683187.907999998, 676095.992000001]
[0, 285440, 282362.5999999975, 279637.5399999986, 277300.9459999992, 278966.71140000067]
[0, 607027, 597083.4999999945, 608163.4000000007, 588798.1970000017, 570697.3337]
[0, 348257, 346635.90000000305, 358989.8000000014, 359840.0390000012, 362419.09729999874]
[0, 690478, 705478.8000000064, 708346.5999999966, 697907.8080000004, 674159.556200001]
[0, 538638, 525717.4000000039, 528880.429999996, 517962.52299999906, 531971.4737999979]
[0, 701800, 699270.0, 697125.0, 676675.9999999988, 684892.7799999996]
[0, 275409, 279029.3999999974, 262948.7900000024, 260399.4250000013, 279432.2556999994]
[0, 432564, 425716.2000000031, 435411.60000000225, 411120.2159999987, 431825.1833999987]
[0, 261580, 262769.0, 241129.19999999861, 259421.7599999987, 272843.23299999884]
[0, 637894, 658375.8999999985, 626848.0399999961, 642519.2410000023, 657742.693399997]
[0, 587430, 576907.5, 564417.7499999962, 580963.6950000011, 572319.5985000024]
[0, 141792, 140358.39999999944, 137038.71999999942, 143701.37599999935, 147786.03839999918]
[0, 682966, 690712.1000000024, 702483.990000001, 680727.2680000041, 691753.1321999985]
[0, 196833, 194422.80000000115, 195828.74999999968, 196873.1699999999, 188862.4685999998]
[0, 670320, 676384.7999999981, 649135.759999999, 703620.008000002, 665516.9975999997]
[0, 151368, 150677.79999999862, 151234.72000000038, 150591.16799999966, 144787.13339999976]
[0, 221200, 218855.0, 219446.5, 229916.05000000115, 216920.7950000005]
[0, 707490, 702211.9000000063, 700314.0299999985, 727833.1450000054, 721665.0674999973]
[0, 515160, 513864.0, 511968.60000000347, 501838.7400000017, 508957.0199999988]
[0, 488676, 494774.7999999957, 494473.71999999776, 473207.435999997, 476260.38719999907]
[0, 550830, 538447.0000000033, 526789.9000000024, 529099.1160000024, 543921.3962000007]
[0, 659568, 673308.9999999938, 677019.069999998, 664157.4940000019, 667176.3916999964]
[0, 325000, 327860.0, 330428.79999999766, 325595.40000000055, 340104.38800000056]
[0, 420550, 398840.0, 398755.5, 424130.8499999978, 410278.7650000016]
[0, 145820, 147407.0, 144596.3999999997, 145529.27999999953, 139920.33900000033]
[0, 650880, 637252.1999999942, 647961.2099999966, 634555.1160000002, 630309.8529000027]
[0, 713160, 715197.5999999936, 704013.4399999975, 723718.1639999974, 727448.6699999984]
[0, 355003, 348438.99999999866, 340190.23999999795, 338896.0380000005, 329642.49369999947]
[0, 455544, 434102.5000000032, 444338.1800000022, 424735.0249999985, 457787.13240000064]
[0, 740460, 734260.8000000066, 723664.7599999985, 680982.1199999987, 721336.6159999975]
[0, 364056, 378003.5999999966, 385532.9399999981, 373946.97600000165, 367974.2118000009]
[0, 494308, 489647.60000000393, 455779.4799999968, 496838.3679999964, 460414.7444000009]
[0, 424143, 443062.1000000035, 414382.9300000014, 441161.9939999982, 442812.60009999736]
[0, 196236, 202113.59999999864, 205071.36000000042, 197861.82000000012, 196751.01680000024]
[0, 261429, 261470.299999998, 254759.05000000037, 265856.77300000074, 261864.3846000005]
[0, 351360, 353281.50000000326, 343289.69999999925, 335310.53399999876, 340255.761300001]
[0, 183255, 182286.0, 180618.74999999875, 178451.3249999995, 166867.6425000008]
[0, 298776, 293300.80000000057, 306309.11999999796, 306947.26399999915, 281748.55280000076]
[0, 726640, 745040.3999999934, 754639.0800000044, 757015.8959999982, 723027.4272000028]
[0, 551343, 570679.1999999981, 537276.3499999976, 531977.1860000002, 547285.8820000009]
[0, 481068, 469041.29999999615, 459524.51999999786, 469371.47399999923, 475771.9941000026]
[0, 568340, 583544.0, 541425.3000000023, 580579.219999998, 594497.2149999986]
[0, 546994, 558144.6000000051, 571270.7000000005, 532394.6160000031, 569237.8666000005]
[0, 312819, 322958.9999999995, 321311.2499999994, 334163.69999999943, 315673.30859999906]
[0, 674730, 682227.0000000022, 647976.4199999976, 712955.0609999992, 669895.3988999974]
[0, 135880, 137234.5, 134439.5000000009, 136038.23999999973, 134479.4684999998]
[0, 357782, 371943.000000002, 368261.1400000021, 372070.73799999896, 356578.372799999]
[0, 318902, 319103.2000000004, 313675.830000002, 313845.84399999905, 323239.1174999992]
[0, 621875, 633815.0, 618810.4, 640502.3950000032, 636567.5679999983]
[0, 423785, 401056.5, 411785.4000000027, 410124.97499999794, 420917.73750000104]
[0, 203504, 200881.19999999867, 196526.7200000003, 197861.82000000012, 193140.90640000024]
[0, 458750, 458970.2000000037, 475096.180000003, 469266.0179999995, 461203.0279999995]
[0, 788823, 728254.7999999938, 742415.3100000039, 752125.3740000018, 752125.3740000031]
[0, 237133, 238678.7000000019, 233826.7100000011, 241854.54800000004, 242268.68249999854]
[0, 628569, 632541.0000000058, 615888.3900000006, 641396.5740000012, 612599.1767999989]
[0, 747395, 737508.1999999936, 759847.6600000015, 721457.4509999971, 746281.7934000022]
[0, 742560, 747201.0, 762206.8999999948, 752955.8400000033, 768119.5339999986]
[0, 638280, 590310.5, 635896.3000000046, 627573.0500000007, 616103.6114999994]
[0, 210380, 206862.5, 212872.3999999986, 224478.4749999991, 206667.39599999998]
[0, 379692, 372527.9999999981, 380366.60999999783, 375120.1739999992, 376825.2656999987]
[0, 274722, 273072.80000000243, 269913.2799999993, 281281.90999999986, 272700.4280000008]
[0, 362313, 350859.59999999864, 354545.09999999945, 367481.20500000083, 356269.91400000174]
[0, 319405, 321718.8000000005, 314525.900000002, 321581.48099999916, 304563.07959999953]
[0, 254200, 261703.0, 262609.09999999846, 257620.21999999872, 262304.22399999894]
[0, 720000, 727833.5999999936, 728133.1200000015, 739035.6480000028, 733720.6655999993]
[0, 455607, 451400.3000000036, 454273.68999999575, 429210.3140000018, 454117.04389999853]
[0, 249704, 254800.00000000204, 247105.04000000158, 244587.61599999852, 230635.78719999938]
[0, 177723, 174821.40000000066, 181059.84000000035, 176533.3439999997, 166542.0471]
[0, 204459, 204911.19999999824, 203609.50999999896, 205083.3589999989, 200186.90510000067]
[0, 628476, 608555.9999999998, 627848.5199999975, 654275.3880000034, 645741.3611999993]
[0, 209220, 214071.0, 201887.40000000098, 207352.86000000057, 206410.34700000088]
[0, 707544, 702187.2000000027, 680860.4400000005, 725748.1919999984, 717166.7100000005]
[0, 368160, 381966.0, 370921.1999999985, 384980.3099999992, 352185.6909999985]
[0, 201229, 205331.09999999823, 206338.85999999894, 205792.98999999888, 202954.46600000068]
[0, 476280, 485503.1999999961, 482947.92000000377, 473365.61999999644, 459912.0707999987]
[0, 567358, 566365.7999999949, 583837.5400000016, 566764.484000002, 564188.2818000009]
[0, 557612, 548784.6000000028, 534695.7199999997, 553011.2640000023, 571636.9905999994]
[0, 692208, 716164.7999999968, 697794.2400000027, 671860.1760000025, 703148.9711999977]
[0, 483105, 456665.3000000036, 463286.45999999926, 470628.15800000296, 500577.2225999982]
[0, 470640, 466570.0, 447714.79999999737, 460095.74000000325, 503016.33200000244]
[0, 403200, 401856.0, 405599.9999999979, 402138.8800000006, 413106.3039999989]
[0, 479468, 475503.600000004, 462667.91999999864, 496293.5120000041, 431545.28560000047]
[0, 299691, 290826.9000000026, 296436.13999999716, 297783.57700000063, 296031.908899999]
[0, 484878, 486946.1999999961, 477685.25999999704, 489724.4820000005, 476934.42680000217]
[0, 168644, 167021.3999999996, 170825.1999999999, 163632.56000000046, 169418.13979999995]
[0, 506232, 513360.899999996, 500865.30000000075, 503301.94200000237, 501014.2058999983]
[0, 253683, 246695.8000000019, 248915.0299999981, 252068.40100000062, 252853.38909999907]
[0, 349345, 340080.0, 349077.94999999757, 344841.1199999986, 329993.7939999986]
[0, 708120, 705759.5999999972, 727531.4800000053, 693909.2679999993, 715887.1771999989]
[0, 767277, 751596.2999999934, 748484.100000004, 728457.0930000017, 782894.1393000033]
[0, 207748, 211021.20000000153, 213930.33999999947, 212801.42000000077, 212728.04019999935]
[0, 575830, 543790.0, 547492.3999999963, 576822.3500000003, 569392.0960000007]
[0, 144995, 148778.5, 150519.84999999893, 152307.02500000014, 149002.73700000023]
[0, 316710, 326196.0, 332693.40000000066, 310370.189999999, 326280.8639999994]
[0, 622748, 589579.8999999948, 622641.6299999966, 603357.7160000001, 613130.4113999968]
[0, 513757, 488189.0000000037, 492863.14999999927, 510822.2729999983, 527147.5209000034]
[0, 616512, 617796.4000000056, 649521.0799999937, 622972.5320000023, 617980.0691999999]
[0, 276507, 278050.4999999975, 282464.9100000004, 276129.9450000003, 282136.98240000097]
[0, 523943, 534623.6999999965, 537247.619999997, 522892.5910000032, 545249.4826999982]
[0, 361179, 353807.99999999854, 355503.32999999943, 361252.7100000007, 359508.7314000018]
[0, 372008, 372008.0000000033, 346422.96000000107, 375933.06400000164, 381963.3896000006]
[0, 739024, 724266.3999999966, 709543.1199999959, 723849.9840000025, 692684.2208000008]
[0, 288586, 288862.5999999974, 299949.65000000026, 297768.1980000004, 280449.027299999]
[0, 366912, 368440.80000000185, 373638.7199999971, 377216.11200000177, 379541.4167999988]
[0, 236430, 234728.0, 229485.09999999858, 234112.3200000017, 230373.02600000097]
[0, 316512, 315151.20000000286, 328779.3600000018, 314469.7920000001, 318123.8424000011]
[0, 307440, 308952.80000000005, 310919.43999999866, 300198.07999999967, 314993.5567999993]
[0, 519507, 516824.1000000046, 513864.7799999951, 496552.75800000265, 510842.0459999978]
[0, 291006, 281045.70000000246, 294769.8, 296476.36200000136, 289719.9279000012]
[0, 141858, 140548.20000000126, 138816.5999999987, 140467.39199999932, 136955.7071999999]
[0, 309915, 304531.5, 298352.59999999974, 314335.7750000006, 303360.6615000007]
[0, 771871, 749084.7000000066, 727837.3700000029, 749612.005999997, 759833.9879000009]
[0, 576961, 563981.6000000021, 539365.1899999965, 550783.5059999969, 563674.1838000033]
[0, 601324, 602757.9999999995, 615558.8400000042, 609096.2800000011, 587042.7940000017]
[0, 555660, 559540.7999999949, 551514.6000000011, 561948.6600000004, 559235.804400002]
[0, 260400, 246480.0, 247416.0, 262761.19999999856, 239912.4000000004]
[0, 156210, 154143.6, 154239.5400000002, 156193.5179999999, 156679.9338000006]
[0, 717112, 718910.3999999968, 708535.8800000048, 686500.9839999995, 703046.151599999]
[0, 348300, 336258.0, 349525.79999999894, 338118.300000001, 320797.1519999991]
[0, 287166, 293532.19999999943, 280195.2399999989, 293817.99199999985, 295629.1987999997]
[0, 601650, 613301.0, 603617.3000000004, 606361.015000002, 580973.5814999989]
[0, 443368, 449721.9999999963, 448620.6400000037, 448262.6979999988, 437560.2321999982]
[0, 285936, 270706.8000000023, 278383.5599999974, 277032.9119999987, 294201.1488000002]
[0, 467892, 449958.6000000034, 480179.69999999536, 470201.93999999965, 467931.99960000074]
[0, 407610, 409615.6999999972, 396915.08999999793, 409380.19199999765, 428712.0343999992]
[0, 727950, 717600.0, 732699.5, 720066.7500000019, 739015.8750000026]
[0, 590948, 590853.8999999991, 585226.7199999985, 616078.3459999966, 599332.5922999982]
[0, 307092, 307678.8000000028, 311556.5699999994, 320151.23400000064, 297482.8077000002]
[0, 189189, 188416.80000000168, 189729.53999999832, 181397.5019999998, 185769.31230000049]
[0, 199992, 195904.8000000017, 195093.59999999963, 200840.95200000142, 189804.98160000058]
[0, 345950, 344630.0, 351351.0, 352838.19999999914, 344017.24499999976]
[0, 472626, 448304.9999999964, 452740.86000000074, 478506.5999999993, 425073.36300000106]
[0, 530190, 510790.79999999556, 505661.5199999978, 530944.5960000016, 514149.4097999981]
[0, 335340, 348192.0, 347700.599999999, 340491.060000001, 331593.2099999991]
[0, 382512, 376136.800000002, 386416.8099999969, 401334.77799999964, 407933.9069000008]
[0, 665680, 654550.0, 707603.0000000051, 666042.5199999983, 653932.6560000025]
[0, 638572, 659115.5999999938, 636224.160000006, 609201.735999998, 641662.850399999]
[0, 418608, 401824.80000000255, 397528.55999999866, 414283.89600000094, 412717.8744000006]
[0, 716431, 727023.6999999966, 702592.1499999999, 750714.9, 699416.0485000019]
[0, 617220, 615373.1999999944, 607791.6000000007, 625696.8120000019, 596867.7780000012]
[0, 290373, 284438.699999999, 285557.61000000197, 284638.9260000005, 280757.4861000004]
[0, 655155, 666549.0, 677520.9999999985, 674489.9849999996, 668927.1810000027]
[0, 319143, 327541.500000003, 321718.5400000007, 318707.80499999784, 318372.32310000004]
[0, 585924, 603727.7999999945, 592216.5599999969, 591898.1640000029, 610731.2874000011]
[0, 316309, 324842.69999999704, 323846.25000000093, 326696.0969999995, 329839.56460000103]
[0, 716772, 720829.1999999934, 700903.8400000015, 713093.472000001, 695266.1351999996]
[0, 760320, 747489.6000000066, 750887.2799999934, 743860.259999999, 736291.1556000019]
[0, 745290, 736164.0, 761260.5000000034, 704314.259999998, 735160.1399999979]
[0, 623496, 634452.0000000007, 626165.2799999975, 641146.1160000031, 622983.9563999997]
[0, 757344, 729237.6000000035, 727403.0399999948, 746681.2080000035, 752365.2863999977]
[0, 517713, 528266.6999999962, 530859.4200000039, 534932.150999999, 515031.9446999999]
[0, 591185, 567630.6999999981, 602608.3700000041, 601349.6580000017, 582327.3729000002]
[0, 619619, 648047.4000000012, 620850.2299999974, 642165.5239999997, 640406.1663999994]
[0, 390589, 383841.90000000334, 394383.46999999654, 393023.5270000026, 399551.2533999982]
[0, 193743, 193619.40000000113, 195828.74999999968, 192799.93199999994, 204748.09679999977]
[0, 682818, 687449.0999999937, 660707.1900000015, 688555.1789999986, 679800.353699998]
[0, 612854, 605805.2000000004, 627059.2900000026, 628051.9960000027, 634719.6713000035]
[0, 742095, 742573.0, 783585.4000000039, 748243.2750000013, 778173.0059999982]
[0, 324450, 326046.5, 311585.29999999993, 324727.5849999996, 350072.1770000013]
[0, 448945, 463226.39999999607, 433723.2900000011, 441131.23599999835, 432122.2178000015]
[0, 739878, 773720.9999999929, 694224.9599999966, 728147.315999996, 733275.113999997]
[0, 238347, 236146.2999999981, 233236.8999999989, 231913.12299999996, 235436.8912999994]
[0, 398750, 398941.4000000025, 408645.37999999645, 409292.31199999753, 406348.77139999776]
[0, 443204, 462607.59999999614, 452554.9599999973, 442027.61200000247, 468297.5803999978]
[0, 680752, 687689.5999999976, 681489.1199999994, 695412.0159999981, 681122.7280000013]
[0, 425880, 427096.7999999964, 429557.44000000076, 412877.81600000156, 444066.4280000022]
[0, 171086, 160422.60000000143, 161614.69999999963, 165201.21800000034, 167618.79679999984]
[0, 512820, 520634.40000000404, 514496.8399999959, 511470.38800000184, 506820.6572000014]
[0, 516409, 530448.0999999963, 499496.39999999775, 526691.2040000026, 520558.49820000195]
[0, 555698, 546900.8999999971, 565244.1599999975, 530063.5990000002, 542310.5558000009]
[0, 386763, 390001.29999999655, 376895.3500000021, 381232.22800000216, 396132.5016999991]
[0, 504390, 500167.1999999956, 490306.1800000017, 472464.8500000009, 484663.03339999873]
[0, 468855, 488787.0, 472101.5000000029, 495961.764999997, 457147.3660000009]
[0, 749948, 764683.4000000068, 730887.8199999986, 758017.7280000036, 800656.2251999996]
[0, 204750, 194922.0, 198566.55000000133, 194467.45499999874, 197927.72999999943]
[0, 229870, 225417.40000000183, 230641.05999999962, 224278.54800000132, 234697.16140000083]
[0, 137598, 132911.99999999884, 134268.81000000035, 131965.0019999996, 133228.4967000003]
[0, 699160, 724470.5, 725060.7000000051, 725636.1449999949, 726134.8640000003]
[0, 373520, 352872.0, 375416.6000000026, 368261.14000000147, 357812.20800000004]
[0, 222600, 224770.0, 215897.5, 222226.55000000104, 215921.1600000005]
[0, 361152, 356428.7999999969, 374774.4000000008, 373314.24000000145, 356989.65119999973]
[0, 303438, 316596.7999999971, 311171.2499999996, 317145.7380000022, 304308.8867000001]
[0, 459405, 487492.1999999957, 473411.2499999978, 452959.8839999994, 494973.5544000028]
[0, 602615, 592176.0000000009, 596617.3200000018, 615061.134999997, 590875.6801999998]
[0, 621476, 635632.3999999993, 626104.4400000025, 648501.671999997, 662398.136399999]
[0, 713528, 722108.3999999966, 721227.7800000027, 694515.6399999962, 702949.044199998]
[0, 134400, 133497.0, 129183.59999999915, 130567.70999999951, 134350.94400000037]
[0, 422475, 407017.0, 398502.00000000256, 414442.07999999786, 428400.7195000011]
[0, 394240, 385184.79999999667, 399759.3599999979, 388412.0240000025, 365946.38079999865]
[0, 474639, 481224.8999999959, 472072.77000000153, 487296.79700000107, 479979.02940000227]
[0, 740558, 736654.1000000065, 749726.250000004, 769319.0959999962, 756843.6512000022]
[0, 283386, 273311.99999999854, 278322.71999999974, 265590.9359999986, 276464.7677999999]
[0, 413775, 428220.0, 441470.25, 428579.7749999981, 429914.45249999873]
[0, 389207, 390001.29999999655, 373797.580000002, 373178.026000002, 404857.88719999907]
[0, 305158, 317235.0999999997, 314973.74999999796, 316653.6100000009, 326480.7910000008]
[0, 352261, 342196.40000000113, 348594.6100000021, 340183.4799999989, 369585.0522000011]
[0, 601324, 616428.8, 588092.9600000039, 613296.9440000012, 597964.5204000018]
[0, 281344, 287705.59999999916, 282405.7599999988, 277560.19199999876, 285335.81439999846]
[0, 474240, 482144.0, 491925.20000000333, 479209.6399999965, 473198.64799999975]
[0, 672465, 652555.7999999988, 689038.3499999993, 646801.1940000033, 689611.0572000009]
[0, 289467, 279727.49999999884, 288619.890000002, 293596.0950000003, 276876.04620000045]
[0, 703360, 695968.0, 724942.4000000027, 708664.3200000032, 713339.5360000024]
[0, 394856, 390790.3999999966, 377897.51999999833, 387058.67200000247, 390577.3871999985]
[0, 455814, 464695.40000000375, 480058.0200000031, 466040.8219999995, 452817.51839999954]
[0, 267890, 276705.0, 279779.500000002, 270187.0599999994, 259133.95299999954]
[0, 214472, 206304.80000000173, 209282.83999999857, 209338.94800000064, 204816.64319999903]
[0, 464640, 459630.59999999625, 453967.80000000075, 462556.3799999993, 441661.5918000012]
[0, 644882, 625770.5999999945, 654601.2200000021, 657882.861999999, 659679.1292000021]
[0, 416118, 427022.7000000036, 427370.5799999964, 420360.7980000012, 426092.9907000016]
[0, 723240, 699935.600000006, 745006.0799999984, 721336.6159999981, 757403.4467999969]
[0, 211973, 212916.6000000018, 211865.15999999963, 213972.42099999922, 215601.27680000046]
[0, 504020, 502203.0, 496657.1999999967, 499861.4400000011, 480595.94700000115]
[0, 184093, 184093.00000000093, 185107.39000000106, 180955.90499999956, 172511.29609999954]
[0, 737280, 706867.1999999939, 753442.5600000016, 708664.3200000026, 727140.2111999993]
[0, 358698, 360531.60000000166, 367980.59999999864, 357522.2039999987, 369859.2377999996]
[0, 127510, 127120.5, 130265.19999999923, 134665.1149999994, 132323.11299999946]
[0, 373520, 373230.0, 351891.8000000023, 352970.02000000136, 372721.05000000005]
[0, 350682, 339934.400000003, 343607.4200000018, 372444.2279999989, 351266.02679999993]
[0, 321255, 311454.0, 302831.09999999794, 304504.20000000217, 318098.13749999914]
[0, 757875, 724035.0, 752599.25, 743464.7999999961, 718166.3449999979]
[0, 659604, 648242.3999999942, 672038.6400000015, 700306.9319999971, 655006.5495999978]
[0, 165620, 167310.0, 162138.59999999887, 163940.14000000028, 157428.2320000001]
[0, 488180, 482482.0, 493192.699999997, 487206.7200000006, 477225.74899999774]
[0, 341004, 340243.80000000104, 348714.6000000001, 332838.90900000033, 358249.19129999913]
[0, 214368, 224681.60000000187, 220700.4800000011, 228136.48000000117, 235251.24479999926]
[0, 385157, 376112.1000000033, 375567.00999999925, 373744.8520000017, 374666.05409999983]
[0, 542692, 516781.20000000385, 550574.959999996, 517340.77199999825, 532731.196400003]
[0, 572128, 611649.9999999999, 617032.5199999992, 587135.067999997, 591269.8219999981]
[0, 134829, 128098.10000000095, 136573.969999999, 134434.42999999961, 133182.79910000076]
[0, 595023, 599578.2000000007, 604636.3700000021, 615061.134999997, 582744.3635]
[0, 143100, 142155.0, 142593.75, 135939.37499999956, 146517.92999999961]
[0, 224700, 222950.0, 216489.0, 219150.750000001, 216920.7950000005]
[0, 134178, 135205.1999999992, 137430.80000000098, 131644.2399999996, 138743.62580000065]
[0, 577158, 563313.4000000021, 563664.0100000007, 555003.9430000007, 575149.9936000011]
[0, 324576, 309909.60000000277, 330482.8800000018, 313362.5040000001, 305168.572800001]
[0, 713904, 701115.9999999937, 702850.7200000064, 698716.3040000029, 676484.4216000017]
[0, 448775, 459940.0, 463144.5, 469883.37500000227, 455547.94999999786]
[0, 681938, 653585.3999999987, 664409.9800000027, 641431.7259999997, 680334.4444000009]
[0, 314427, 308314.5000000028, 304118.87999999966, 308333.5710000008, 303069.3393000003]
[0, 780388, 727729.6000000034, 739601.4599999995, 734791.0439999981, 741826.2773999966]
[0, 230762, 242114.59999999788, 233240.27999999898, 233929.9689999999, 229936.04269999906]
[0, 715407, 735716.8000000038, 728893.6200000015, 721951.7760000004, 687608.9311000004]
[0, 330904, 340958.79999999894, 335356.8399999997, 337784.35600000096, 338836.2795999999]
[0, 637000, 639600.0, 638820.0, 599781.0, 628341.9999999974]
[0, 492660, 497117.39999999566, 481055.12000000157, 493081.49800000095, 513698.1459999985]
[0, 432180, 432522.9999999964, 441708.5400000033, 435564.03799999884, 421246.18900000193]
[0, 283856, 292624.8000000006, 270413.5200000011, 288975.80399999884, 295629.1988000007]
[0, 380328, 387922.60000000236, 365844.4399999987, 374434.7099999994, 372332.62040000095]
[0, 145507, 145189.20000000132, 143093.99000000075, 138145.1629999997, 140688.62990000073]
[0, 315625, 317746.0, 326871.35000000236, 322860.1349999977, 312985.71850000025]
[0, 138648, 138865.99999999875, 133368.03999999954, 140331.17799999967, 136355.92619999958]
[0, 618618, 637637.0000000008, 656375.7199999962, 631169.5389999995, 620393.4736999997]
[0, 414324, 425088.2999999969, 439345.92000000144, 420925.42700000136, 460191.96860000043]
[0, 292560, 294814.0, 286083.1999999993, 284994.8399999991, 290351.1260000005]
[0, 629629, 635034.4000000007, 634383.749999997, 637767.1299999997, 623252.4297999997]
[0, 458832, 457742.9999999963, 441698.4000000007, 468936.4679999993, 474838.04940000153]
[0, 561960, 556607.9999999951, 565304.9999999971, 566360.2359999986, 575766.911200001]
[0, 321552, 322358.400000003, 326224.08000000176, 304504.20000000007, 305168.572800001]
[0, 377104, 370177.5999999981, 372178.5599999992, 374579.71200000186, 375360.08639999933]
[0, 285843, 286794.2999999991, 286323.180000002, 276676.99800000066, 297577.0590000001]
[0, 688125, 689886.6000000024, 699619.4399999953, 715993.5119999993, 694949.1081000024]
[0, 455820, 451347.0, 434363.80000000243, 447682.68999999895, 446122.820000001]
[0, 407626, 390462.79999999667, 381767.6200000032, 393711.1879999974, 425318.9876000022]
[0, 160000, 160225.0, 158437.5, 158184.0, 145661.09999999945]
[0, 193743, 196431.3000000012, 195828.74999999968, 196194.2969999999, 194157.67799999978]
[0, 678400, 653172.0, 669983.6000000046, 680015.439999998, 666042.5200000026]
[0, 684180, 681899.4000000021, 679075.8000000005, 703852.8900000013, 688582.8611999986]
[0, 210715, 215572.5, 205512.44999999867, 217118.52499999915, 208580.98299999998]
[0, 285664, 283223.200000001, 281871.7200000012, 290961.8919999988, 289174.4128000007]
[0, 513080, 504192.00000000437, 506607.9200000025, 529002.4479999974, 498469.4207999988]
[0, 543735, 523840.20000000455, 527127.8999999982, 540804.7319999991, 517653.84449999913]
[0, 137720, 141856.0, 135335.2000000006, 139201.91999999926, 142005.29200000037]
[0, 533172, 544124.1000000031, 517966.4099999993, 552114.8880000036, 538312.0158000017]
[0, 579195, 570960.0, 590705.6999999958, 580963.6950000011, 564479.6040000025]
[0, 309738, 319173.400000003, 301384.4599999972, 320168.8100000014, 310400.948]
[0, 552767, 579289.1000000054, 562920.4099999992, 572880.931999996, 553457.9140999988]
[0, 742315, 727936.2999999966, 752707.4099999957, 726826.9189999967, 741209.3598000022]
[0, 440000, 434720.00000000355, 460437.1200000023, 454726.2720000023, 440342.07359999884]
[0, 184590, 182070.1999999984, 187669.43000000107, 187322.81099999958, 185777.8806000008]
[0, 205751, 203231.59999999826, 209068.20999999892, 202954.4659999989, 193729.26300000065]
[0, 236109, 234691.5999999981, 242062.07999999882, 233552.08499999996, 227979.61419999943]
[0, 303264, 314004.59999999707, 304717.14000000036, 310712.9220000009, 301210.0182000006]
[0, 532515, 515767.20000000455, 500125.07999999536, 485835.7920000025, 513164.0552999978]
[0, 420000, 428937.5999999968, 432694.07999999775, 422245.8240000016, 416487.9264000011]
[0, 437850, 441811.5, 435758.0499999972, 439751.51999999804, 440667.6690000019]
[0, 334636, 339209.00000000105, 330046.85999999824, 356959.77199999866, 350340.6504000004]
[0, 294640, 291345.60000000265, 297196.6399999999, 295628.3199999992, 282274.0752]
[0, 300330, 304278.0, 281182.19999999815, 300483.6900000002, 292636.00600000034]
[0, 315500, 311350.0, 313495.0, 326254.5, 317027.0999999987]
[0, 330429, 332273.4999999992, 335767.51000000135, 334609.69100000005, 334146.56340000033]
[0, 689887, 650874.9000000057, 675472.7199999937, 658585.9020000001, 673999.6146000028]
[0, 309573, 288966.60000000073, 301492.6200000013, 310198.8240000005, 292907.3354999995]
[0, 239649, 241706.39999999793, 247253.76000000242, 240235.35900000017, 230692.90920000046]
[0, 453861, 449272.19999999646, 447128.36999999813, 464698.45500000217, 452569.0377000011]
[0, 742950, 748332.0, 731601.0000000027, 704314.259999998, 765234.8729999978]
[0, 289914, 287578.1999999992, 287935.4399999991, 291805.5399999998, 290396.8235999998]
[0, 222372, 216247.1999999982, 217604.39999999895, 222485.796000001, 220650.86160000006]
[0, 655080, 672178.0, 628392.6999999997, 656243.8999999993, 620716.2130000012]
[0, 342360, 336258.0, 344050.1999999991, 336931.920000001, 348558.443999999]
[0, 189144, 189706.39999999892, 179085.91999999972, 187289.85600000093, 187680.04319999967]
[0, 472297, 489998.6000000043, 489998.59999999526, 474396.0129999975, 488141.7631999989]
[0, 213466, 216773.69999999835, 218413.9100000006, 215762.97599999935, 212316.76179999963]
[0, 146740, 144716.0, 141875.49999999962, 149571.7599999995, 142547.9510000003]
[0, 559548, 560617.1999999977, 555636.5099999976, 575512.9380000004, 572576.6474999978]
[0, 410656, 423841.5999999963, 402436.3200000033, 422280.97600000125, 414065.953599999]
[0, 423360, 431558.3999999967, 427015.6799999978, 419293.05600000155, 414568.6272000011]
[0, 311576, 306991.0999999999, 315771.43000000075, 314105.09000000084, 309772.6059999982]
[0, 489362, 496597.40000000433, 483853.7600000022, 488850.0760000008, 502182.3508000021]
[0, 390944, 380972.80000000214, 375044.80000000086, 383367.7120000022, 387241.4624000014]
[0, 501390, 523341.0, 505124.10000000335, 516075.30000000173, 520524.22499999875]
[0, 264389, 274528.80000000255, 259876.36999999755, 251308.23900000096, 269258.82750000013]
[0, 215280, 217971.0, 216894.59999999875, 215262.05999999918, 230572.95299999882]
[0, 671127, 639716.9999999943, 663536.2500000022, 657874.0739999997, 681796.7675999986]
[0, 596530, 606534.5, 573594.4500000039, 583391.3800000001, 576817.9559999995]
[0, 751660, 748592.0, 739848.199999997, 736258.6399999988, 741443.5599999967]
[0, 664918, 683732.3999999978, 679285.3599999958, 678743.3769999983, 674750.7689000034]
[0, 187557, 199313.3999999982, 185881.4100000016, 193716.08099999974, 191253.02430000014]
[0, 311370, 298226.5, 301631.19999999984, 309008.0500000007, 314442.32950000075]
[0, 240524, 242975.19999999806, 244020.78999999844, 237289.18200000023, 246124.41750000117]
[0, 642720, 652093.0, 659725.2999999989, 626826.0699999989, 685435.4390000023]
[0, 743232, 749112.0000000041, 729390.4799999947, 738930.1920000034, 755724.0599999976]
[0, 702438, 685592.7000000023, 708922.889999995, 662777.7779999994, 716961.0708000028]
[0, 372600, 385320.0, 376194.0, 379641.60000000196, 387287.1599999986]
[0, 526456, 523040.7000000046, 513836.0500000025, 525238.987000003, 554337.5929000012]
[0, 750022, 759722.6000000068, 749726.250000004, 756323.8409999963, 696025.8578000019]
[0, 341092, 341307.2000000011, 328228.4199999983, 348685.86999999883, 341121.1596000005]
[0, 296877, 292046.3000000026, 294850.9199999972, 297783.57700000063, 304068.97429999895]
[0, 164112, 163086.29999999853, 165342.84000000037, 173343.29999999932, 170512.0260999994]
[0, 613672, 629887.7000000005, 618653.2299999974, 584520.6380000021, 604573.5357999987]
[0, 410685, 420641.0, 417320.15000000276, 417320.1499999978, 396598.0460000008]
[0, 740747, 741935.9999999963, 757547.5700000009, 760159.8030000019, 777661.7640999975]
[0, 278168, 276598.3999999975, 268209.75999999914, 278746.57199999935, 272711.85239999916]
[0, 145318, 141611.6000000005, 147428.84000000064, 131578.3299999995, 144587.20640000034]
[0, 541624, 531425.6999999954, 534433.7700000016, 549786.0680000038, 562965.871]
[0, 445445, 455455.0, 460381.34999999707, 452406.2399999985, 445180.30699999986]
[0, 600717, 610681.5000000002, 588598.2700000015, 602551.4169999971, 585454.8023999999]
[0, 221056, 221936.00000000183, 219510.72000000108, 229683.1680000012, 222181.7311999994]
[0, 150732, 152817.60000000143, 149798.21999999962, 146834.29800000007, 143501.88839999936]
[0, 180056, 179800.4000000008, 178545.11999999997, 172833.5960000005, 186560.4520000004]
[0, 143190, 134776.20000000115, 143318.7599999986, 138028.72199999934, 141394.08659999998]
[0, 197808, 204016.80000000182, 190348.07999999964, 199470.0240000014, 188022.77520000056]
[0, 300356, 292692.3999999974, 298447.24000000075, 307456.9679999993, 314045.33159999945]
[0, 365000, 369730.4000000033, 364188.24000000145, 378499.16000000166, 373623.5776000005]
[0, 241424, 235885.00000000186, 240155.75999999815, 244222.91399999827, 250936.9460000006]
[0, 668750, 673244.0, 678112.5000000016, 688781.4700000006, 681494.0210000003]
[0, 455760, 447408.0, 463600.7999999971, 449242.56000000256, 460631.80799999856]
[0, 400680, 404305.19999999646, 396615.96000000247, 402420.0960000004, 406891.43040000123]
[0, 366448, 367868.7999999982, 381182.879999999, 392788.448000002, 371978.46399999934]
[0, 598785, 603369.0, 590705.7000000008, 612655.420000002, 624614.7894999995]
[0, 592652, 571583.9999999983, 561938.5199999978, 589648.4359999998, 567712.7091999999]
[0, 367570, 378898.0, 377900.89999999834, 377202.9299999993, 358926.0869999984]
[0, 509490, 514917.0, 525657.6000000037, 498279.60000000166, 504330.1379999988]
[0, 487904, 480724.399999996, 491864.3599999978, 498648.6959999966, 480670.20559999906]
[0, 383648, 383344.0000000022, 371962.2400000008, 398061.24800000235, 388977.9712000014]
[0, 204100, 193895.00000000114, 196344.20000000106, 194539.95600000003, 199989.83419999987]
[0, 709044, 701337.0000000028, 681012.5399999958, 696642.3359999993, 666648.0132000019]
[0, 341547, 336714.3000000009, 345961.59000000014, 354312.3870000007, 341189.70599999937]
[0, 164480, 160702.10000000146, 160702.09999999957, 162048.52299999943, 162951.92939999944]
[0, 236313, 226040.09999999817, 232505.13000000038, 222505.56899999967, 219794.0316000006]
[0, 528769, 540338.4999999952, 548917.0700000012, 555434.5550000039, 548279.8048]
[0, 468312, 472016.99999999616, 470861.03999999707, 454205.5830000026, 471950.5323000001]
[0, 269451, 267251.3999999983, 268076.24999999884, 273223.3140000011, 251291.10239999916]
[0, 255430, 258505.0, 259144.59999999846, 261223.29999999868, 266988.2279999989]
[0, 692286, 697405.8000000062, 716649.5699999934, 743359.3440000048, 670735.0922999989]
[0, 499092, 510156.399999996, 509845.95999999763, 489667.3599999975, 502433.68759999785]
[0, 643356, 669359.6000000018, 677575.0800000005, 603164.379999999, 680551.5080000028]
[0, 368816, 370947.1999999981, 388186.2399999989, 378481.5840000019, 365215.21919999935]
[0, 234214, 222123.2000000018, 229417.49999999962, 226664.49000000136, 228493.7122000008]
[0, 617808, 621712.0000000002, 620189.4399999974, 608973.2479999993, 604899.1311999988]
[0, 732488, 751843.2999999957, 720805.2799999987, 728248.3779999957, 711697.2785000033]
[0, 453125, 462767.5, 457018.25, 471476.2000000023, 445194.5874999979]
[0, 692868, 708723.600000003, 675405.1200000006, 637046.5140000002, 697888.0349999985]
[0, 151734, 153210.2000000014, 155821.3800000002, 153122.1119999998, 149985.23539999992]
[0, 463360, 464011.6000000038, 446599.39999999927, 464463.3760000029, 434241.4440000015]
[0, 599450, 602680.0, 590824.0, 596924.9000000032, 615917.9650000003]
[0, 327680, 328140.7999999993, 320153.60000000155, 334084.60800000036, 292464.6400000008]
[0, 672080, 694735.5999999974, 688816.9599999993, 683504.2759999983, 693506.7776000013]
[0, 174350, 175532.5, 168239.5, 176419.09999999957, 173579.47749999986]
[0, 403161, 412098.7000000029, 411847.9299999991, 395547.87999999773, 405860.3783000012]
[0, 461875, 471703.70000000385, 478332.5299999962, 462721.15499999904, 455902.10639999877]
[0, 705744, 720447.0000000033, 697657.350000004, 747926.9069999998, 710654.8020000015]
[0, 674268, 643800.2999999942, 674152.8300000025, 630270.9660000001, 681796.7675999986]
[0, 591185, 591836.699999999, 575860.7400000038, 591122.6230000017, 587645.4311000003]
[0, 650240, 654950.3999999986, 648960.0000000034, 629923.8400000007, 637572.9152000011]
[0, 307516, 312046.7999999999, 299765.43999999895, 298625.0280000005, 294601.0027999998]
[0, 728910, 767090.9999999929, 711740.1199999974, 711740.1200000009, 713773.6631999984]
[0, 663384, 652589.6000000059, 655314.3999999985, 676922.0640000014, 670475.1871999993]
[0, 128640, 126469.20000000097, 126704.37000000059, 124971.9509999994, 126296.74200000046]
[0, 656058, 647236.1999999989, 627199.5599999985, 605950.175999998, 648723.129599998]
[0, 242874, 249830.09999999803, 252384.60000000204, 248665.2480000005, 252550.6425]
[0, 628650, 604890.0, 629085.5999999956, 630758.7000000046, 647506.4309999982]
[0, 298775, 296400.0, 305847.75, 305767.47500000166, 294392.50749999995]
[0, 567364, 545162.7999999971, 555355.9700000039, 543891.5169999965, 568666.6465999988]
[0, 627647, 589630.599999999, 570914.1099999981, 566461.2979999972, 585894.641799998]
[0, 284937, 290916.5999999993, 291682.170000002, 283643.6850000005, 272994.6063000005]
[0, 600368, 607729.1999999997, 609096.2800000041, 581791.9640000004, 625268.8364000019]
[0, 242439, 237498.29999999813, 242078.97999999847, 249069.49600000025, 240654.9860000011]
[0, 368594, 368711.19999999675, 366425.8000000019, 384945.157999999, 364861.06280000147]
[0, 612444, 612830.3999999999, 597509.6399999987, 632445.996000004, 590424.4163999996]
[0, 613392, 624893.1000000057, 619653.7100000032, 617660.1860000002, 640120.5564000002]
[0, 183816, 185088.79999999906, 191091.6799999995, 185989.23200000092, 194443.28799999965]
[0, 753280, 737508.1999999936, 753880.2700000015, 711113.9749999973, 753005.0528000023]
[0, 687561, 738253.0999999961, 719319.7700000027, 701956.878999996, 735194.4131999975]
[0, 128520, 130213.199999999, 127216.43999999919, 130870.8959999993, 127016.47920000037]
[0, 604498, 616473.0000000057, 600656.4200000032, 578799.6500000033, 623840.7864000002]
[0, 417500, 421174.000000003, 430118.5199999989, 428538.0320000016, 414008.83159999875]
[0, 524800, 523406.0, 503045.39999999705, 520645.0599999974, 508214.433999998]
[0, 682154, 714928.5000000031, 707851.4299999999, 700528.8290000006, 720299.8517000016]
[0, 660852, 662313.5999999985, 672221.1599999958, 653695.379999998, 635116.6691999979]
[0, 719576, 739138.3999999962, 717276.5599999959, 716309.8800000024, 712288.4912000011]
[0, 137940, 140426.0, 136450.60000000056, 141135.27999999924, 140120.26600000035]
[0, 366282, 359704.79999999836, 356461.5599999994, 346304.32200000045, 349792.2792000016]
[0, 694967, 675110.8000000019, 687733.6700000007, 697505.7570000043, 694869.1372999984]
[0, 232730, 240981.0, 226358.59999999864, 242241.22000000183, 221918.97000000087]
[0, 583380, 589861.999999999, 585287.5599999985, 581844.6920000028, 581844.692]
[0, 178224, 174501.60000000155, 177764.33999999915, 185866.2000000009, 176387.0237999991]
[0, 468312, 472016.99999999616, 457085.8499999973, 467229.3990000027, 478299.6426000001]
[0, 254775, 249047.5, 245658.3999999984, 250798.53500000056, 240297.97350000057]
[0, 356796, 379707.90000000224, 366520.44000000076, 375289.34300000145, 369653.5986000001]
[0, 496824, 472516.1999999961, 462313.02000000415, 478796.60400000034, 491854.693200001]
[0, 437976, 441441.00000000343, 428648.2199999989, 447621.17400000134, 431482.4514000006]
[0, 407610, 404569.09999999736, 414409.9699999978, 405115.81499999773, 415776.7574999993]
[0, 591522, 608259.5999999996, 602696.249999998, 599642.5889999997, 608417.8464000017]
[0, 677808, 664942.2000000017, 645225.0999999975, 638861.2359999995, 657245.7320000016]
[0, 710565, 708438.8999999971, 709166.2499999958, 700656.2550000008, 696722.7461999992]
[0, 575661, 579766.2000000052, 597595.8300000032, 600591.692999997, 620884.7228999989]
[0, 662480, 657072.0, 655584.7999999954, 648905.9200000011, 653475.6800000007]
[0, 481728, 485742.3999999959, 497083.07999999775, 500344.7799999966, 476260.38719999907]
[0, 664608, 629210.3999999944, 666238.5599999982, 655250.856000001, 636658.9632000008]
[0, 197160, 202152.59999999823, 200457.66000000128, 203305.98600000024, 206170.43460000065]
[0, 304475, 294547.5, 296214.75, 300549.6000000016, 305245.6875000001]
[0, 455110, 437502.0, 446362.80000000267, 455482.03999999893, 448150.651000001]
[0, 233946, 226898.10000000175, 240713.45999999766, 231047.50499999983, 233965.99980000037]
[0, 196173, 188375.2000000016, 195598.90999999878, 190877.55699999988, 200792.39829999942]
[0, 530454, 515286.20000000444, 522585.17999999505, 541279.2840000021, 552878.1258000003]
[0, 313750, 317816.19999999966, 324929.5400000013, 318736.36599999864, 309692.63519999955]
[0, 264576, 265678.40000000235, 276592.1599999993, 269211.591999999, 265206.02159999916]
[0, 427616, 409156.8000000034, 426420.79999999696, 420136.7040000013, 405840.3855999981]
[0, 418914, 417315.5999999965, 417575.3399999977, 430181.3879999982, 426084.42239999905]
[0, 365114, 370866.5999999981, 373003.2800000028, 385602.06100000173, 363807.16190000053]
[0, 308792, 304532.8000000028, 304281.1200000002, 305180.8759999996, 302735.1755999998]
[0, 547248, 563209.3999999948, 546905.9700000014, 551055.9340000036, 568589.5318999971]
[0, 285740, 286286.0, 280666.7500000019, 292893.0550000012, 298890.8649999988]
[0, 560142, 574573.9999999948, 551825.5600000015, 574691.2600000021, 610559.921400002]
[0, 348440, 353610.39999999857, 362815.96000000264, 354362.91799999954, 364364.10139999934]
[0, 640660, 649415.0, 668428.7999999986, 649455.1699999992, 653075.8260000017]
[0, 605342, 610950.5999999944, 632447.0099999965, 603357.7160000001, 599321.167899997]
[0, 754460, 753389.0, 726007.0999999952, 766027.9900000036, 764720.7749999986]
[0, 218892, 217604.3999999982, 219368.75999999893, 231660.46800000113, 212699.47920000006]
[0, 468920, 494988.0, 481650.00000000314, 474200.4799999966, 484051.82799999975]
[0, 326910, 323544.0, 318903.0000000003, 318213.4799999988, 316084.5869999996]
[0, 237750, 232050.0, 240191.25, 240571.5, 234557.21250000084]
[0, 515012, 500843.1999999961, 488322.1199999978, 480923.2999999976, 525168.2435999977]
[0, 210123, 205627.49999999828, 218917.52999999866, 207043.08299999914, 211140.04859999954]
[0, 364656, 359600.8000000016, 356130.31999999995, 350658.77600000106, 355275.99120000075]
[0, 372921, 377235.2999999966, 367554.71999999846, 375245.4030000017, 373038.077100001]
[0, 738300, 713115.0, 728812.5, 732699.5000000021, 709455.2400000024]
[0, 334096, 326435.19999999943, 345246.71999999986, 338953.16000000096, 343394.61519999994]
[0, 525987, 528527.9999999953, 538217.6799999983, 537788.2509999996, 566073.3078000023]
[0, 267954, 273023.3999999975, 262778.1000000007, 269545.5359999993, 273757.18500000064]
[0, 508160, 511971.200000004, 504539.35999999614, 486692.6220000012, 473958.37059999845]
[0, 721050, 735540.0, 715208.0, 745332.2500000023, 716024.2700000025]
[0, 678062, 674073.4000000061, 654033.379999998, 698667.970000001, 726614.688800001]
[0, 544428, 538293.5999999952, 526996.0800000014, 540962.9159999987, 535347.3840000012]
[0, 259364, 264691.6999999981, 255457.02000000037, 263134.6900000008, 263043.9539000005]
[0, 207929, 216421.40000000186, 210156.56999999963, 218414.7549999992, 216563.78250000047]
[0, 212310, 213792.80000000182, 218129.9899999996, 212491.64299999923, 204051.20840000035]
[0, 684530, 672672.000000006, 679538.8599999973, 689194.5060000009, 680431.5518000005]
[0, 553622, 541452.5999999952, 524295.460000002, 553551.7260000039, 518907.67240000004]
[0, 750244, 709321.6000000029, 720893.1600000041, 744141.4759999979, 716458.397199998]
[0, 399360, 393432.00000000343, 389132.63999999926, 390714.4800000027, 393867.61440000136]
[0, 472736, 466752.0000000038, 468988.5199999986, 483146.6640000039, 476408.9044000005]
[0, 165100, 165620.0, 160380.9999999989, 163368.92000000027, 166339.26400000023]
[0, 588753, 604246.5000000005, 588743.6099999975, 594139.1040000019, 587331.260100001]
[0, 544236, 556301.2000000051, 554495.759999999, 532051.883999999, 552838.1404000014]
[0, 129078, 130249.60000000118, 125627.84000000061, 124706.11399999943, 124617.3551999997]
[0, 745625, 763042.8000000068, 756063.7500000035, 754854.0479999969, 749612.0060000009]
[0, 490758, 507721.500000004, 509362.61999999586, 504429.00300000206, 473227.2089999992]
[0, 664845, 654689.099999994, 672383.4000000025, 660174.3329999996, 648903.0638999988]
[0, 354006, 345696.0000000031, 336117.3400000017, 367575.675999999, 348101.46799999994]
[0, 491696, 489517.60000000417, 490427.86000000226, 507652.00200000085, 475517.80120000185]
[0, 736098, 752416.5999999959, 730134.0800000052, 737673.5080000028, 757791.8764000011]
[0, 605706, 580460.3999999949, 592216.5599999969, 593967.7380000029, 602659.9488000011]
[0, 518240, 518076.0, 514131.79999999696, 515240.43999999744, 526950.4499999979]
[0, 175418, 177085.9999999984, 173363.58000000156, 171625.2460000007, 181825.0382000005]
[0, 285532, 275233.40000000136, 273394.68000000133, 282582.53399999917, 275202.3715999992]
[0, 167168, 158079.99999999985, 160076.80000000077, 161417.98400000017, 157199.7440000003]
[0, 737880, 722779.1999999967, 713409.8399999959, 708769.7760000024, 712288.4912000011]
[0, 333032, 332659.5999999992, 335356.8399999997, 333109.14000000095, 357069.6220000001]
[0, 367710, 369733.0, 384120.09999999736, 388242.8550000019, 382360.3874999993]
[0, 375680, 357893.8999999985, 372011.2500000028, 366257.47600000136, 388955.1224000006]
[0, 511920, 498095.0, 499327.39999999665, 472091.36000000103, 498646.4990000013]
[0, 597228, 586006.1999999988, 601089.0599999981, 639340.1819999987, 592120.9398000016]
[0, 171622, 167156.60000000044, 170024.13999999897, 173160.94899999944, 166719.12530000028]
[0, 182000, 168896.0, 182182.0000000007, 172244.80000000077, 176735.46800000058]
[0, 546360, 559845.0, 542540.6999999976, 548568.930000003, 549142.3469999974]
[0, 469863, 457388.0999999964, 477198.53999999777, 485783.0639999991, 482172.51420000265]
[0, 622440, 606236.8000000054, 629484.439999994, 635996.3480000027, 643376.5104000003]
[0, 684369, 659950.2000000015, 685986.2099999974, 670601.2949999998, 682130.9312999973]
[0, 136525, 135278.0, 139526.40000000098, 135093.5299999997, 129566.97649999977]
[0, 142968, 135642.00000000116, 140692.49999999866, 138028.72199999934, 144564.35760000005]
[0, 741370, 741013.0, 766229.0999999947, 763413.5600000035, 764720.7749999986]
[0, 657500, 657815.599999994, 666705.0000000015, 647148.3199999983, 718103.5107999974]
[0, 154638, 152895.6000000014, 155003.4200000002, 150463.7419999998, 147220.53059999997]
[0, 339948, 331967.99999999924, 336255.9199999997, 331940.33600000094, 338836.2795999999]
[0, 673576, 682614.4000000022, 669185.9199999962, 685551.8799999979, 700681.3008000008]
[0, 697984, 750677.2000000068, 723664.7599999985, 708725.8359999983, 770518.6579999967]
[0, 385560, 380296.7999999979, 395094.96000000334, 380511.6120000023, 396780.8364000022]
[0, 735448, 697761.999999994, 719882.5399999962, 712548.6160000016, 746921.5597999971]
[0, 254800, 255320.0, 250796.0, 249579.19999999873, 247909.48000000042]
[0, 650960, 660127.0, 640577.5999999994, 644929.3499999992, 653075.8260000017]
[0, 583737, 590626.399999999, 580580.9100000039, 603395.0650000017, 587645.4311000003]
[0, 233100, 230399.0, 234487.4999999985, 236550.99000000174, 237770.32500000106]
[0, 572663, 567988.2000000019, 569741.2500000009, 558954.1490000007, 562311.824100001]
[0, 130617, 129437.10000000113, 137483.19000000032, 126883.34099999945, 127701.94320000059]
[0, 542198, 555817.5999999949, 533181.480000005, 549206.0600000027, 539168.8457999988]
[0, 275552, 273764.3999999976, 282209.7199999996, 271083.4359999994, 272711.85239999916]
[0, 409311, 416800.799999997, 407491.1100000008, 430141.842000001, 420326.5248000023]
[0, 222250, 218855.0, 220629.5, 219919.700000001, 224917.87500000058]
[0, 560164, 549013.4000000049, 535659.0200000018, 576760.8340000034, 554191.9318000008]
[0, 330270, 358501.0, 343551.64999999764, 347235.8499999986, 350229.26249999844]
[0, 450140, 448578.0, 446362.80000000267, 439883.339999999, 458289.80600000103]
[0, 563911, 558648.9999999949, 545423.8400000014, 547202.3960000037, 538531.9354999975]
[0, 419214, 411496.8000000035, 406735.68000000203, 398004.1259999982, 429614.5619999977]
[0, 184670, 190216.0, 182967.8499999993, 187953.34999999966, 186203.43949999916]
[0, 198069, 197234.70000000123, 192173.27999999974, 190084.43999999997, 194157.67799999978]
[0, 405986, 420856.8000000031, 413671.44000000146, 429350.9219999979, 417207.6636000007]
[0, 309434, 298896.0000000027, 295471.15000000154, 300975.8180000018, 305080.0337000002]
[0, 136620, 143572.0, 138309.6000000005, 138718.57999999926, 136978.55600000033]
[0, 445440, 449685.5999999962, 425798.87999999797, 437326.03200000187, 427386.8040000001]
[0, 422550, 433485.0, 431203.5, 413750.02499999834, 429914.45249999873]
[0, 495586, 495586.0000000043, 482538.9400000022, 497396.40600000083, 477739.8470000019]
[0, 261294, 253968.00000000195, 256560.58999999796, 260206.08900000094, 248760.5978000007]
[0, 195000, 195499.2000000017, 203002.7999999996, 195357.24000000136, 198716.0136000007]
[0, 437476, 447714.7999999963, 457395.1199999972, 471915.60000000295, 470342.5479999978]
[0, 222585, 223827.5, 226781.1000000014, 228520.95499999946, 220019.6635000005]
[0, 677340, 689481.0, 667744.3499999953, 657485.2050000016, 650933.7510000012]
[0, 511704, 531315.2000000037, 522209.99999999924, 515943.47999999754, 524814.0871999994]
[0, 282504, 279509.10000000114, 281019.95999999804, 287743.28700000094, 283422.2274000012]
[0, 243514, 251838.60000000225, 246528.75000000114, 241861.1390000004, 242202.99220000097]
[0, 532564, 544211.2000000031, 540590.4399999961, 526612.1119999982, 506215.1640000029]
[0, 717288, 742112.7999999961, 690209.5199999961, 741443.5600000026, 725358.0048000013]
[0, 192780, 204750.0, 200163.60000000134, 197927.7299999987, 203325.7589999994]
[0, 476520, 488072.0, 467521.6000000029, 485888.5199999964, 486222.46399999975]
[0, 648536, 663972.4000000017, 646059.9600000011, 635029.6679999982, 689428.2668000029]
[0, 138125, 143650.00000000044, 136323.85000000068, 136435.89699999947, 144544.3648999997]
[0, 249704, 235435.20000000182, 250417.44000000163, 260950.8719999983, 246310.0639999993]
[0, 724818, 705963.6999999972, 700239.6700000026, 696996.0529999961, 738418.9500999975]
[0, 362626, 371371.000000002, 382284.76000000106, 365042.53500000125, 357997.8545000002]
[0, 426408, 401294.40000000334, 411156.72000000207, 402314.63999999815, 418407.2255999978]
[0, 151443, 150969.0000000014, 144991.85999999964, 147354.98700000008, 152978.42819999927]
[0, 296408, 292656.0000000026, 301984.40999999706, 287479.6470000008, 305408.48519999895]
[0, 182070, 185220.10000000097, 178758.06000000102, 179686.03899999958, 188194.14119999946]
[0, 245784, 249194.40000000197, 247105.04000000158, 252338.6319999984, 244070.88159999932]
[0, 150143, 151950.5000000001, 152326.45999999953, 148253.56000000023, 163820.18380000017]
[0, 354330, 359073.00000000163, 343259.2800000003, 346937.0579999995, 355395.94740000024]
[0, 395112, 381295.19999999664, 369714.5400000032, 376781.1059999996, 380775.25200000027]
[0, 481096, 497496.9999999961, 490999.08000000374, 499314.3870000019, 515271.8571000012]
[0, 276875, 285070.49999999907, 285243.2700000015, 273489.1510000007, 275825.00139999884]
[0, 496080, 491790.0, 481143.00000000285, 491820.419999997, 505701.06599999714]
[0, 178815, 170706.89999999848, 170245.52999999913, 170337.80399999965, 164519.9283000003]
[0, 458800, 481000.0, 467724.399999997, 469850.4200000034, 458632.5380000019]
[0, 689688, 689130.0000000023, 724239.3600000014, 745363.007999998, 698042.2644000003]
[0, 467048, 487074.90000000404, 463345.6099999965, 456226.8229999991, 441127.50109999883]
[0, 383750, 387925.2000000034, 387047.17999999766, 403338.4419999995, 380541.0517999991]
[0, 502440, 498147.0, 514579.6499999969, 506518.3499999982, 483637.69350000157]
[0, 154350, 153517.0, 156510.89999999994, 157173.38000000056, 152544.30100000012]
[0, 733414, 735163.0000000037, 731070.3400000015, 753140.388000003, 735976.9846000002]
[0, 210738, 218546.8999999983, 217261.33000000057, 212766.26799999937, 222056.0627999996]
[0, 129744, 127826.39999999902, 130664.03999999914, 126837.20399999934, 128181.76800000037]
[0, 540238, 556462.4000000051, 542550.8399999948, 551739.2010000005, 529935.0745000027]
[0, 374220, 374517.0000000033, 381466.7999999966, 373235.14799999946, 371538.62460000097]
[0, 600400, 600210.0, 600457.0, 601099.2000000032, 596924.9]
[0, 734080, 746511.999999996, 762365.759999998, 790779.3920000041, 710140.7039999987]
[0, 219521, 218229.70000000164, 219409.3199999993, 226958.88799999928, 221284.9158000007]
[0, 597347, 571242.1000000017, 585613.7300000025, 585770.7309999987, 594342.9855999975]
[0, 136927, 138793.20000000126, 138257.20999999973, 137303.71199999985, 131392.02440000046]
[0, 375876, 366479.0999999968, 374546.2499999983, 389528.10000000196, 357846.4812000008]
[0, 247260, 239811.0, 254412.60000000155, 245910.2099999985, 245053.37999999867]
[0, 181671, 179834.20000000158, 183826.36999999962, 177811.99799999956, 183612.95679999932]
[0, 694278, 681644.6000000059, 731205.5400000031, 712311.3400000023, 743996.9133999974]
[0, 510040, 527670.0, 501659.59999999707, 545866.6199999978, 510556.43599999795]
[0, 271989, 262852.1999999981, 266646.50999999885, 274152.6450000011, 254915.49329999913]
[0, 464831, 471703.70000000385, 463345.6099999965, 457850.4059999991, 479119.34329999867]
[0, 534885, 537166.5, 512669.9499999971, 542087.7800000028, 547842.8215000002]
[0, 632370, 613359.5, 620914.4500000044, 629737.0950000008, 604850.5774999994]
[0, 261170, 265967.0, 249443.99999999854, 252215.59999999878, 262304.22399999894]
[0, 377784, 378378.0000000034, 374439.7799999967, 374540.16599999944, 363056.00760000094]
[0, 199390, 200018.0000000013, 198466.84000000107, 197299.38800000006, 192815.31099999993]
[0, 155248, 158620.79999999853, 150044.95999999924, 161822.23199999996, 160787.00560000056]
[0, 359676, 373003.799999998, 371793.24000000034, 372088.3139999991, 365695.04400000116]
[0, 265227, 265813.60000000236, 262000.6999999975, 265116.384000001, 264472.0039000001]
[0, 540518, 543385.700000003, 555134.579999996, 557484.3560000033, 563402.8543000002]
[0, 154880, 147862.0000000013, 146823.81999999998, 157907.17799999978, 161735.2307999997]
[0, 641024, 653619.1999999987, 636846.080000003, 650171.3920000007, 660970.0864000008]
[0, 236220, 249135.89999999775, 236307.6300000022, 239398.30200000017, 243750.9984000005]
[0, 139009, 141064.30000000054, 133335.93000000075, 150030.9329999998, 135076.39339999956]
[0, 651014, 637727.9999999943, 623511.9800000011, 671354.8659999992, 650922.326600002]
[0, 200946, 203225.09999999864, 209401.1399999992, 203813.49299999885, 194363.31719999932]
[0, 135890, 136317.99999999924, 138877.440000001, 131644.2399999996, 128964.33940000056]
[0, 549130, 563459.0, 552004.6999999962, 569001.0300000005, 604979.1020000008]
[0, 606104, 599029.5999999994, 610711.9200000041, 602795.2840000009, 597964.5204000018]
[0, 618552, 605290.4000000055, 613470.0000000006, 595474.8799999992, 622058.5799999993]
[0, 260246, 253343.99999999782, 247696.54000000228, 260458.7439999988, 262064.31160000007]
[0, 171190, 165015.5, 165704.50000000114, 166510.62999999957, 165753.76350000064]
[0, 196878, 202875.4000000014, 194221.56000000105, 202128.39400000012, 194608.9417999999]
[0, 688842, 650249.6000000057, 685004.3199999972, 693931.238000001, 701983.6824000007]
[0, 635684, 643042.3999999942, 658055.5800000022, 648901.5259999989, 653841.260800002]
[0, 475540, 481599.2999999959, 501641.0099999975, 478568.11599999754, 495082.0862000002]
[0, 135462, 135205.1999999992, 134537.52000000095, 137286.13599999956, 132631.5718000006]
[0, 445764, 484169.39999999595, 455194.74000000075, 452986.2479999993, 452029.2348000013]
[0, 256800, 252720.0, 248092.0, 254851.99999999866, 245624.6000000004]
[0, 187473, 189685.60000000105, 183932.83999999936, 197727.80299999955, 187874.2580000005]
[0, 655215, 673816.0, 674631.1000000016, 654321.524999998, 626771.1449999994]
[0, 480858, 461533.80000000366, 484805.2299999992, 468982.60500000295, 462071.28239999857]
[0, 507424, 499990.4000000043, 529821.7600000028, 509475.5119999976, 510008.0647999987]
[0, 334636, 337110.800000001, 355505.01999999746, 335684.0239999991, 339584.5778000005]
[0, 590940, 597506.0000000055, 573849.6399999947, 583202.4380000015, 629570.1229999978]
[0, 450632, 452379.20000000356, 469982.24000000226, 470228.3040000031, 471987.66160000284]
[0, 569130, 587613.0, 576788.549999996, 595035.4800000011, 561866.2725000025]
[0, 438944, 428417.6000000031, 429043.6799999962, 432299.29600000154, 448019.2704000015]
[0, 148285, 148473.0, 144959.749999999, 153855.91000000018, 147660.3700000002]
[0, 591643, 569952.500000005, 594310.4699999986, 575904.0040000014, 577323.4857000014]
[0, 695928, 683461.9999999978, 688816.9599999993, 673978.0839999985, 662546.6536000012]
[0, 471388, 477729.2000000038, 503552.39999999583, 500195.38399999635, 466960.92560000095]
[0, 710141, 723576.0999999966, 721227.7800000027, 706917.7049999959, 693275.4334999982]
[0, 708974, 713070.8000000063, 730823.5999999933, 732554.497999997, 721553.6795999986]
[0, 749208, 744260.4000000065, 722667.6599999965, 763479.4699999981, 740186.8760000032]
[0, 649788, 647712.0000000058, 650815.6199999939, 652218.9959999993, 702617.7365999963]
[0, 199368, 193471.20000000167, 194039.03999999963, 201526.41600000142, 197824.9104000007]
[0, 307581, 308950.2000000028, 318994.2599999992, 300813.2400000009, 305862.60510000034]
[0, 162424, 159365.70000000144, 159833.4399999996, 166565.55499999932, 167356.03559999942]
[0, 405669, 409615.6999999972, 415503.3999999978, 409380.19199999765, 402841.4805999994]
[0, 274244, 269229.9999999977, 282946.55999999965, 280662.35599999933, 272711.85239999916]
[0, 154105, 157657.5, 149886.10000000012, 156096.85000000053, 156742.76800000013]
[0, 447764, 444912.00000000343, 451863.7499999958, 455840.151000002, 460226.2417999985]
[0, 761100, 731718.0, 735859.7999999971, 733666.1799999989, 761664.7479999965]
[0, 411939, 421071.2999999969, 408601.4400000008, 424368.126000001, 409067.7786000021]
[0, 253924, 248351.99999999808, 248869.39999999886, 247456.8979999987, 260310.66619999887]
[0, 547230, 542880.0, 558713.9999999981, 544746.1500000029, 561566.3819999975]
[0, 409456, 416171.59999999707, 398880.56000000134, 415408.76000000106, 426438.5787999985]
[0, 275310, 282913.80000000104, 276948.75000000023, 265944.6530000014, 274585.4539999995]
[0, 716976, 730419.2999999964, 737887.8000000056, 714391.8990000007, 735091.5936000012]
[0, 244737, 240983.59999999808, 238842.62999999852, 240654.98600000024, 242842.75860000114]
[0, 286296, 286794.2999999991, 286323.180000002, 283643.6850000005, 287226.5526000003]
[0, 656469, 673744.4999999937, 640533.6600000015, 673975.8869999994, 666845.0840999987]
[0, 457446, 449272.19999999646, 449551.8299999981, 453671.7120000021, 452569.0377000011]
[0, 574308, 570515.4000000051, 558541.6200000009, 567392.8259999997, 582867.1757999986]
[0, 619476, 624218.4000000057, 622805.5599999941, 633825.7120000026, 626445.5496]
[0, 638388, 670872.8000000063, 649757.6799999981, 632384.4799999981, 654743.7883999977]
[0, 220980, 220318.79999999815, 213487.55999999898, 225544.02000000104, 218663.01600000006]
[0, 555984, 571041.8999999982, 576717.5699999981, 557895.1950000004, 547128.796499998]
[0, 537649, 546365.3000000049, 560052.4799999945, 538467.1240000001, 547188.7746000024]
[0, 292204, 283410.39999999903, 294127.5999999992, 284761.95799999963, 291704.9173999998]
[0, 550830, 571689.3000000052, 589063.0199999999, 575328.3899999994, 585446.2340999986]
[0, 472297, 487022.9000000042, 484840.7199999954, 482777.5679999974, 492500.17179999885]
[0, 712899, 706531.7999999938, 722495.2800000065, 739404.7439999953, 724167.0110999983]
[0, 467048, 461136.0000000037, 450856.50999999675, 488698.4829999988, 477008.6853999987]
[0, 624416, 628071.6000000058, 637833.0399999939, 612119.352000002, 606692.7619999998]
[0, 418984, 421241.6000000036, 403977.5999999975, 430348.36000000144, 428597.7903999978]
[0, 492367, 482778.3999999961, 469422.8500000035, 478168.2620000011, 465127.3093999979]
[0, 551457, 535146.3000000047, 557135.5399999946, 542259.1460000002, 532399.8888000026]
[0, 300192, 300050.4000000003, 295141.59999999806, 289318.5359999992, 304665.8992000004]
[0, 136059, 136254.3000000012, 135323.36999999965, 136350.21399999983, 145646.81950000025]
[0, 465570, 468821.6000000038, 460847.78999999654, 467591.903999999, 474898.0274999987]
[0, 359252, 341675.09999999695, 353852.20000000077, 324426.59600000037, 350937.5753000021]
[0, 678584, 698963.1999999973, 683321.0799999994, 688267.3719999982, 668738.6784000013]
[0, 246875, 250074.5, 248996.14999999834, 254269.79500000057, 250451.40900000065]
[0, 746064, 761389.2000000068, 740848.6799999935, 749080.3319999989, 756649.436400002]
[0, 292168, 296982.40000000043, 296736.95999999804, 312132.18399999914, 301969.74080000044]
[0, 556665, 547638.0, 583303.5000000042, 544416.5999999961, 568720.9125000016]
[0, 567936, 593548.8000000055, 578710.0800000003, 605528.3519999983, 609605.984]
[0, 499720, 516565.399999996, 523061.76000000397, 520609.9080000016, 481121.46939999773]
[0, 656871, 652290.6000000013, 677326.6500000005, 651816.9450000011, 645184.4217000016]
[0, 630810, 619171.8000000056, 599973.6599999996, 629559.1380000014, 592172.3496000003]
[0, 576875, 581951.5000000052, 578711.7699999986, 581987.4970000014, 611593.8296000015]
[0, 302427, 311485.1999999999, 308636.2500000012, 322051.6390000022, 293484.2676999994]
[0, 482163, 479856.0000000038, 487353.7499999962, 491642.46300000144, 498569.3843000016]
[0, 168275, 166738.0, 167048.05000000115, 167092.83499999956, 167267.49650000065]
[0, 180690, 182286.0, 180137.09999999875, 178451.3249999995, 175007.52750000087]
[0, 328440, 322881.0, 316317.3000000002, 309249.71999999904, 329194.08599999937]
[0, 138024, 138715.20000000062, 132144.479999999, 134298.21599999964, 136955.7072]
[0, 287202, 294449.9999999994, 283260.90000000194, 276676.99800000066, 282051.29940000037]
[0, 371371, 368339.4000000019, 367505.7100000008, 365042.53500000125, 364658.27970000013]
[0, 607846, 616002.4, 600602.3399999975, 616519.9430000023, 640626.0860999986]
[0, 248455, 243912.5, 244323.29999999842, 260344.50000000058, 259476.68500000073]
[0, 421165, 398502.0, 415106.25000000274, 425954.35999999766, 407822.5190000009]
[0, 357012, 361467.6000000033, 363153.9599999981, 340754.70000000164, 351163.2071999982]
[0, 311357, 320411.00000000047, 315375.970000002, 330422.2089999993, 317492.6442999993]
[0, 599412, 621400.0000000002, 594555.520000004, 592293.6240000007, 608886.2468000018]
[0, 583119, 601805.1000000006, 595091.2499999977, 592076.1210000019, 600740.6496000008]
[0, 517525, 518095.5, 516506.2499999965, 508517.6199999983, 505115.5654999992]
[0, 349250, 348205.0, 341126.5, 345588.0999999993, 353442.37499999965]
[0, 519580, 517920.0, 541442.2000000025, 525170.8800000019, 521523.8600000022]
[0, 347011, 350464.3999999987, 354881.41000000003, 347539.035999999, 369076.6663999999]
[0, 560700, 592020.0, 571896.0, 545734.7999999983, 562937.3099999985]
[0, 509283, 497327.99999999575, 488935.5899999978, 520049.67300000245, 503064.8857000018]
[0, 569130, 574528.5, 578334.899999996, 595035.4800000011, 587999.5875000022]
[0, 528122, 527372.3000000047, 525098.2100000026, 528899.189000003, 516271.49210000114]
[0, 174075, 173030.0, 173351.75, 174606.5749999996, 173579.47749999986]
[0, 264576, 257961.59999999776, 262936.96000000095, 253164.70399999895, 280400.47359999904]
[0, 667744, 686280.3999999977, 683321.0799999994, 700175.111999998, 712082.8520000014]
[0, 269028, 260102.69999999806, 272365.4699999988, 263930.00400000106, 273037.44779999927]
[0, 474777, 478120.5000000041, 460830.8899999986, 465225.7349999991, 454125.61220000125]
[0, 453252, 444215.19999999634, 439075.52000000357, 449813.7799999988, 435543.82559999824]
[0, 472720, 481156.0, 486787.60000000324, 475870.1999999966, 492734.37199999974]
[0, 387324, 377640.9000000033, 410654.79000000237, 367942.5749999996, 370484.7236999981]
[0, 661670, 652917.1999999941, 655084.5599999966, 677625.103999996, 639852.0829999988]
[0, 342935, 342186.0, 331823.0500000006, 323233.62499999994, 343803.03750000015]
[0, 677746, 703188.1999999972, 657606.039999996, 671697.5979999984, 641165.8890000031]
[0, 483426, 463998.6000000037, 474668.6100000022, 473141.52600000077, 483894.7424999992]
[0, 379356, 378143.9999999967, 387124.9200000034, 379443.8699999996, 399814.0146000003]
[0, 704382, 666728.3999999941, 667431.6999999982, 686997.505999997, 682956.3442000026]
[0, 130620, 132678.0, 130603.19999999912, 138410.99999999945, 134350.94400000037]
[0, 650240, 649833.6000000013, 630153.6799999995, 654020.5360000004, 603573.9008000002]
[0, 346028, 348838.09999999683, 344540.30000000075, 349848.0830000008, 355658.70860000217]
[0, 175696, 178531.59999999838, 174303.22000000157, 174679.07600000073, 172297.08860000045]
[0, 745000, 765502.3999999932, 749386.5599999961, 751602.4880000036, 755792.6064000042]
[0, 688597, 664706.9000000015, 690564.4200000042, 676862.7450000026, 700849.8106999994]
[0, 149136, 155039.30000000005, 148638.880000001, 152274.07000000027, 149491.13010000045]
[0, 412776, 414460.8000000029, 395338.31999999867, 417131.208000001, 401613.3576000005]
[0, 261580, 256906.0, 268152.29999999865, 250414.0599999988, 251765.214999999]
[0, 345142, 352177.8000000032, 344543.6800000018, 363924.26199999906, 349683.74739999993]
[0, 161508, 163339.7999999985, 166559.63999999955, 162112.23600000024, 161375.3622000002]
[0, 686400, 716430.0, 697125.0, 681509.3999999987, 684892.7799999996]
[0, 412786, 407933.49999999726, 407849.38999999786, 395165.6019999979, 417624.6541999993]
[0, 312562, 310195.60000000003, 304940.22000000096, 318437.5740000008, 312588.7205999982]
[0, 216776, 214923.7999999982, 222593.2800000017, 220796.3029999994, 204745.24070000093]
[0, 143325, 143325.0, 142593.75, 141871.2749999997, 135593.34749999965]
[0, 267102, 254854.5999999981, 267733.180000002, 269993.7239999991, 261453.1061999993]
[0, 682290, 672976.200000006, 721126.380000004, 682873.7370000039, 652655.9792999992]
[0, 656580, 666322.7999999983, 689038.3499999993, 646801.1940000033, 704734.106700001]
[0, 691869, 677769.300000006, 700077.4300000025, 689179.1269999992, 699264.6752000023]
[0, 365078, 386232.5999999965, 359493.42000000173, 363058.64399999933, 376576.78500000166]
[0, 201930, 196364.9999999983, 197770.56000000122, 207497.86200000028, 204353.95500000063]
[0, 550077, 547904.5000000028, 550728.749999996, 561302.7420000032, 528655.5416999995]
[0, 171948, 177605.99999999924, 172582.80000000066, 174028.76400000066, 177363.80999999942]
[0, 371250, 370656.00000000326, 386486.09999999654, 378455.2199999994, 373235.148000001]
[0, 213092, 212758.00000000157, 213930.33999999947, 203262.04600000064, 206050.47839999938]
[0, 209160, 207599.60000000175, 221065.5199999983, 205691.9280000006, 201971.96759999907]
[0, 696510, 684411.0, 699997.9999999951, 663340.2099999974, 688005.928999997]
[0, 479136, 461354.4000000037, 462708.4799999964, 477293.85600000364, 465361.50959999935]
[0, 603564, 587241.2000000011, 588598.2700000015, 596296.5579999972, 636953.141499999]
[0, 361620, 368622.8000000033, 354071.89999999927, 360668.30799999903, 368865.3149999986]
[0, 218400, 221585.0, 221812.5, 221457.60000000102, 225917.5100000006]
[0, 490240, 469021.7999999963, 484157.95999999694, 477944.16800000047, 505375.4706000025]
[0, 608284, 615321.2000000001, 602789.199999998, 620547.0440000016, 591955.2859999996]
[0, 342380, 330031.0, 326930.5000000022, 333021.25999999914, 339076.1920000013]
[0, 563483, 572323.7000000053, 544810.3699999987, 563071.3269999961, 581513.3843999993]
[0, 151734, 157300.00000000148, 148459.74000000002, 156843.82999999978, 148602.88299999994]
[0, 390576, 387238.80000000226, 390613.0799999994, 396461.83199999976, 388315.35599999956]
[0, 606425, 589712.5, 602003.3500000004, 639931.1750000021, 578246.0059999989]
[0, 599540, 624778.6999999941, 616104.7099999967, 596984.2190000003, 621415.9574999968]
[0, 609724, 603977.4000000005, 628794.9200000028, 622704.4980000041, 623132.4735999992]
[0, 584752, 565411.600000005, 558565.2800000028, 566544.7839999992, 593874.5852000032]
[0, 650760, 640458.0, 615396.6, 661077.299999997, 661301.3939999987]
[0, 576504, 601278.5999999945, 600176.4599999968, 606385.182000003, 610731.2874000011]
[0, 452427, 454864.7999999963, 451975.28999999806, 447370.71600000205, 458712.5088000011]
[0, 222774, 218783.50000000183, 218738.3899999982, 214985.23799999926, 216052.54059999945]
[0, 686875, 710063.8999999969, 689062.0100000043, 695376.8640000044, 687409.0040999978]
[0, 512640, 494617.4999999962, 511694.82000000076, 494502.95700000226, 517028.3585999982]
[0, 419823, 410822.0999999972, 413042.7600000009, 414264.12300000095, 414697.1517000022]
[0, 315120, 330219.5, 308948.9000000021, 319531.6799999977, 321639.70150000014]
[0, 636270, 635668.7999999942, 626550.6000000015, 625195.8960000023, 638184.1206000012]
[0, 270720, 267801.2999999983, 260212.67999999886, 266717.9970000011, 268204.9265999992]
[0, 566420, 553129.1999999952, 574349.879999997, 550682.4439999983, 575766.911200001]
[0, 251934, 250938.99999999805, 246851.53999999887, 257075.36399999858, 251216.84379999893]
[0, 508644, 514295.59999999596, 493703.07999999775, 489667.3599999975, 493339.8651999979]
[0, 690560, 683114.8999999978, 691110.2900000027, 673239.8920000001, 647163.6990000021]
[0, 151250, 151637.20000000138, 152549.54000000012, 156843.82999999978, 155514.64499999981]
[0, 369766, 369472.99999999674, 375338.86000000214, 375933.06399999914, 356492.68980000133]
[0, 648467, 680417.4000000022, 690937.9099999954, 651151.2540000031, 642376.8754000006]
[0, 633360, 639957.5, 656979.0499999953, 626617.3549999994, 658059.7205]
[0, 165376, 160742.39999999976, 157913.6000000007, 161980.41600000017, 159393.22880000027]
[0, 367665, 368823.0000000033, 366941.2500000019, 351089.3880000009, 370424.74560000125]
[0, 385640, 393328.0, 397116.19999999733, 386847.76000000257, 401967.5140000012]
[0, 157976, 153784.79999999862, 158427.35999999914, 159642.80799999996, 152287.2520000004]
[0, 412064, 410238.39999999723, 416510.6400000014, 416841.2040000011, 400368.09799999883]
[0, 689512, 689293.8000000024, 698796.410000001, 673536.487000004, 691753.1321999985]
[0, 243180, 240863.999999998, 243975.1599999989, 250172.3899999983, 243642.46659999952]
[0, 164016, 175941.99999999837, 170297.92000000068, 166040.47200000042, 172222.8299999997]
[0, 245784, 260387.40000000238, 247471.7699999993, 260351.09100000068, 248429.2901999996]
[0, 694890, 699743.2000000064, 710210.6699999965, 680944.7710000006, 693061.2260000011]
[0, 704422, 721947.2000000065, 732746.8199999933, 705052.4519999971, 747555.6139999983]
[0, 234000, 236925.0, 240191.25, 242219.25, 232415.13750000083]
[0, 500337, 496735.2000000043, 481670.2800000022, 497152.53899999795, 491991.78600000247]
[0, 192374, 189233.20000000167, 188840.60000000097, 195730.73000000112, 186309.11519999962]
[0, 675170, 676026.0, 676304.2000000016, 677027.5200000004, 675381.9670000003]
[0, 748030, 732009.2000000064, 756511.5999999957, 732422.6779999982, 753644.8192000033]
[0, 541140, 541749.0, 563124.8999999983, 556214.490000003, 559081.5749999975]
[0, 607653, 622194.3000000059, 595654.0199999944, 602977.6350000021, 607843.7703000004]
[0, 591261, 597013.3000000055, 586470.5599999999, 607028.9029999994, 605993.0174999981]
[0, 480060, 481431.5999999959, 473903.0400000044, 482144.83200000034, 496207.38960000104]
[0, 528769, 539224.3999999953, 559055.3800000009, 540371.9230000037, 553175.1602]
[0, 673576, 681215.6000000022, 709191.599999995, 647728.3279999987, 685315.4828000009]
[0, 596568, 586531.4000000053, 608724.479999994, 581141.6520000015, 581347.730599998]
[0, 311688, 302019.89999999723, 312962.65000000305, 287437.90400000097, 291242.229199999]
[0, 145920, 146717.99999999863, 142953.72000000134, 141258.31199999948, 138052.44959999964]
[0, 612048, 628087.1999999996, 641902.5600000003, 622612.2239999996, 598615.7112000022]
[0, 414072, 406036.80000000267, 410669.9999999986, 418554.864000001, 388658.0880000004]
[0, 697408, 673254.400000006, 698713.5999999936, 676465.0880000022, 683636.0960000032]
[0, 282500, 283810.800000001, 288746.64000000124, 292947.9799999988, 282719.62680000067]
[0, 671296, 698713.6000000064, 678487.6799999939, 697978.1120000023, 708495.5904000034]
[0, 677120, 664318.200000006, 659779.3800000035, 660136.9839999968, 676872.8511999982]
[0, 729916, 754868.4000000043, 735011.4200000016, 737770.1760000027, 715995.7090000004]
[0, 608313, 604661.1999999996, 607409.660000002, 605947.9789999997, 609326.0862000007]
[0, 419903, 414662.2999999971, 406755.95999999787, 388058.30699999805, 393601.9970999995]
[0, 503868, 507051.99999999604, 478905.43999999785, 524643.5999999971, 502433.68759999785]
[0, 664186, 677236.300000002, 663443.3000000007, 664339.8449999981, 690913.4387999984]
[0, 700986, 699085.4000000062, 727426.700000003, 695117.618000002, 715258.8351999975]
[0, 586866, 591481.7999999947, 622464.1799999966, 585689.4420000028, 591898.164000001]
[0, 746928, 751596.2999999934, 752529.9600000042, 765274.4190000019, 786312.8910000033]
[0, 199076, 198793.40000000127, 198997.50000000108, 197299.38800000006, 195505.7571999999]
[0, 245548, 252116.79999999775, 243170.72000000082, 250835.8840000005, 241214.78159999938]
[0, 613752, 597786.7999999993, 612327.5600000041, 585992.6280000005, 597964.5204000018]
[0, 539096, 532272.0000000047, 543471.8900000015, 534101.6850000032, 550593.2457999984]
[0, 286462, 279592.3000000025, 289865.4199999993, 282125.55800000037, 275713.6134999995]
[0, 667680, 655720.0, 660857.5999999953, 639766.4000000011, 644564.6480000006]
[0, 492180, 487734.0, 478506.6000000028, 505529.6999999968, 512384.33999999706]
[0, 392460, 399106.50000000256, 405442.83000000136, 414428.8980000002, 394124.66339999915]
[0, 608730, 640250.0, 615920.5000000043, 595112.3750000001, 666742.2644999993]
[0, 320040, 317116.8000000029, 319410.0000000017, 318898.9440000001, 313805.41920000105]
[0, 265000, 272292.8000000025, 262977.5199999993, 272006.175999999, 268838.98079999915]
[0, 134178, 132317.89999999906, 130687.70000000104, 127650.0939999995, 133114.2526999997]
[0, 737445, 746648.5, 726505.6499999951, 701304.370000001, 768619.351499999]
[0, 633095, 620831.8999999944, 631848.7500000014, 643980.2459999983, 617914.3789000007]
[0, 683125, 703345.5000000064, 685300.0700000022, 693981.7689999992, 686777.8060000022]
[0, 492793, 487414.1999999962, 503969.82999999676, 521348.09999999794, 510573.5725999987]
[0, 616920, 621673.0, 588508.6999999993, 620147.1900000013, 612262.1570000014]
[0, 692944, 684013.2000000023, 663730.5999999964, 657184.2159999985, 688388.6464000009]
[0, 727753, 709935.1999999938, 748891.3899999966, 744785.197000001, 736905.2170999981]
[0, 516607, 521878.4999999959, 500265.3500000039, 516712.42999999865, 493371.28230000223]
[0, 160625, 162038.50000000148, 164611.06999999945, 163742.4099999994, 162217.91169999944]
[0, 317645, 309868.0, 320897.2000000023, 318422.19499999774, 340389.9979999999]
[0, 308880, 318532.5, 307850.39999999787, 317554.38000000233, 312443.05949999916]
[0, 447136, 445213.59999999654, 459652.9600000044, 455200.8240000025, 443312.41760000226]
[0, 135681, 134850.2999999988, 136068.66000000035, 131965.0019999996, 131403.4488000003]
[0, 692037, 674384.100000006, 699163.1400000037, 661459.5780000037, 686680.6985999995]
[0, 417872, 403374.3999999966, 426826.40000000363, 422280.97600000125, 397203.53919999907]
[0, 451675, 475020.0, 452117.25, 458733.6000000022, 447265.2599999979]
[0, 125256, 133925.9999999991, 130319.27999999914, 126837.20399999934, 128181.76800000037]
[0, 197192, 204508.20000000144, 195813.54000000106, 195919.67200000005, 195505.7571999999]
[0, 300812, 300764.1000000027, 297090.17000000156, 315708.90000000194, 303711.9618000002]
[0, 198114, 204219.5999999982, 200457.66000000128, 199114.1100000002, 204353.95500000063]
[0, 400625, 386750.0, 393981.25, 392713.75, 399854.0]
[0, 250825, 250074.5, 251666.3499999983, 237781.31000000052, 256092.2065000007]
[0, 389658, 385234.1999999966, 379955.9400000033, 359473.13999999984, 392890.8282000003]
[0, 202563, 199868.50000000172, 200363.02000000104, 198487.96499999877, 196468.26290000076]
[0, 162911, 163299.50000000032, 162390.41000000027, 168430.80799999932, 162000.84810000064]
[0, 690172, 671488.9999999981, 703920.4900000048, 721936.3970000047, 703103.2735999977]
[0, 441140, 427440.0, 421384.60000000225, 434929.10500000167, 436283.5554999987]
[0, 338580, 348894.0, 339487.1999999992, 347609.340000001, 325424.0339999991]
[0, 552916, 529219.6000000045, 555962.679999999, 549214.8479999994, 562754.5196000013]
[0, 197816, 199648.7999999987, 202935.2000000004, 202027.33200000017, 195848.48920000024]
[0, 312208, 311467.00000000285, 314742.219999997, 308230.3120000011, 313222.7748]
[0, 292968, 296899.1999999996, 297385.92000000115, 295092.25199999905, 298074.0203999996]
[0, 125846, 129199.20000000116, 126310.60000000062, 126481.28999999941, 132694.40599999967]
[0, 224466, 224322.79999999815, 230512.61999999857, 222586.85800000126, 232103.82259999894]
[0, 225540, 226184.39999999813, 228092.5399999986, 224946.4360000013, 225968.919799999]
[0, 763126, 747552.0000000065, 757207.8799999985, 739593.6860000032, 780126.5783999996]
[0, 513634, 513227.00000000396, 521375.13999999576, 500740.2400000018, 523094.7150000015]
[0, 604515, 610818.0, 584249.900000001, 616851.690000002, 597339.0344999991]
[0, 294975, 300722.5, 303439.5, 305767.47500000166, 299819.09750000003]
[0, 758202, 735408.7000000036, 724508.0700000041, 721314.6460000016, 802786.8757999968]
[0, 270940, 285754.3000000009, 273994.6300000001, 274585.4540000012, 274585.4539999995]
[0, 250776, 237463.20000000185, 236104.82999999964, 249120.02700000038, 249800.21820000038]
[0, 311785, 302554.19999999733, 307022.2999999997, 324696.8270000023, 308515.922]
[0, 571640, 594505.5999999945, 587433.8600000001, 579331.3240000011, 581964.6481999983]
[0, 348943, 349385.40000000136, 347660.0400000021, 347473.1259999988, 355370.24250000087]
[0, 424143, 437734.7000000034, 438622.6000000018, 421654.8309999985, 438911.1674999974]
[0, 180195, 187021.89999999834, 187174.26000000106, 192472.5789999995, 181593.69410000072]
[0, 339416, 346491.59999999875, 329962.3599999996, 322589.9040000009, 331239.0535999998]
