9553.23383652
4236.74767379
21690.8633192
4525.12697141
10082.0441369
5538.28789599
16175.0313734
7603.20209462
11606.216469
2757.68839822
2034.23835524
9315.82133931
4503.14880072
12461.4973975
7732.85398136
3656.17004921
4680.82018348
9988.65240078
8396.54454566
6984.93765616
4903.15978708
13067.8317191
7385.92014733
5514.76168182
7916.84269569
2389.48490688
6658.74849644
4106.89175574
6941.29798106
1607.14987881
2076.63956234
8050.59273862
12018.8792536
12360.9782565
5021.5665396
7469.66065381
23253.1606688
7210.06858421
8994.56673595
7178.50751815
10473.6204929
10796.3008767
15052.2091268
8876.90896271
6137.69581987
3775.59131406
4775.46943346
4047.38532247
11432.2077433
3319.17169707
13533.2184886
12527.6897597
6939.04596667
5728.81052024
12977.5011195
5894.68984278
5080.00374353
2956.4423228
13216.4920608
4051.13437908
17956.5576994
4985.6726773
4641.41010328
2887.31711915
7393.93886159
10504.8723923
12163.1959355
11251.7610444
5998.25905161
4658.15891936
5211.84551723
3901.2937214
8068.08199963
4228.09816581
3639.39833227
6281.836134
3222.75978067
3586.8126072
16926.6599672
1644.57908289
7736.33906105
23123.5174812
19592.0662664
2200.03983354
6864.34475618
11927.179022
21655.5200257
4502.09750572
2844.81725708
9405.74234061
9301.48608102
4368.27005679
1912.0140261
18685.6804574
10313.2103165
3864.84182203
10480.0082701
4830.36033738
9183.69840946
3700.37929099
13040.0391676
7727.85851472
9783.01667643
5716.39236297
4196.81374883
16182.918255
11617.1593489
8753.91026147
17656.7168544
1439.6352921
7369.03585552
13012.4201575
3411.9625633
6601.66181773
12295.198041
8675.83217978
2934.90244672
1582.83194608
8817.377461
13719.7294281
5693.88706232
4193.74140915
19392.256088
5955.55033269
3566.93347552
1534.29185228
10168.2272039
6874.99656059
7102.45272771
2860.41540779
13778.6750811
6473.83883165
12253.8900864
6836.17512979
9596.71732574
8139.07828821
8697.98946142
10300.827282
12057.4377673
7784.20789351
3567.4583305
7674.9294904
2986.89194279
17786.0694702
2490.74591657
4535.01962105
10924.8679197
4743.11728149
9089.6842417
8995.52284918
6257.2894044
5496.50864837
10589.9932896
2534.38523032
7907.81492037
8252.58573061
8662.72536047
12570.7808233
20782.178798
7539.04896985
17605.2680505
11739.9280952
3426.6078781
3568.22867818
6751.29641585
5942.02708235
9318.64742303
14054.9620179
13396.6053566
7242.95347804
18150.1261944
14495.44733
7372.62318425
21054.8540525
1052.9356313
6801.82532302
3609.15251228
8470.14805467
8123.6646915
3568.26550461
6471.19450762
20044.2624068
3126.59158938
10658.9679517
12703.6310547
9413.3141429
17478.6822893
6536.21424149
2901.73028593
3800.68052398
5898.7892849
6446.45442734
3281.20508252
6377.12613242
9949.98318879
8104.66420912
4847.51826691
1805.23074366
15871.3311808
3960.58246856
15239.069453
11624.8640779
1933.2020932
8984.77890222
7147.98073304
12010.9505272
14544.9642758
15570.8554648
18418.5037916
4176.61302192
21631.9982647
2954.2645034
5080.99712635
2465.67315236
4632.01875438
2627.74458531
7179.4913379
11154.7933321
18355.5167952
2159.11067092
14180.7970135
2419.20252552
7905.75345102
12592.039202
14275.2026198
12478.7973662
2727.02517821
8422.58448035
3048.12311243
12179.578915
15670.5213647
7036.30410083
4872.60774545
2654.8203146
5237.52647012
4863.5474779
8023.73449727
5369.22360291
1689.53123312
5520.30045004
14516.4872209
12824.0975605
9510.70346653
3637.22675133
8742.08545335
1077.55910638
11680.3391853
10354.9167194
5707.5922712
10846.402497
4533.90095999
8085.17415068
9754.58274145
10262.5706048
7913.40946021
10780.765017
7330.78561508
3069.28127868
3950.80345531
3626.69476197
19014.4803708
10340.1489195
6585.41778581
11894.8955049
19719.0815287
16041.4994695
7964.0814892
18597.23453
9707.56952225
3082.43890971
7737.34099898
3431.27161583
9003.87597236
4489.63972264
9701.15392012
7929.04147806
18591.1650188
7066.41358828
12156.5105713
7687.18327094
12989.5719899
11700.7428883
5136.33202811
4414.77038337
10087.4560852
10672.1885938
18129.2951702
12504.4456469
11391.9676568
25412.7067276
2251.36985208
4636.25698109
10393.7395746
5667.7954962
9944.76697982
3903.14897617
4489.37254307
10764.3486971
11932.3350489
6703.38111855
11364.0615456
14014.4430227
22907.8042309
3681.34040867
3769.16226737
1946.16996464
10481.0458836
8818.41938944
3675.24973381
7949.94053655
5830.67654717
15983.4813891
8811.09599155
14982.1483953
10685.099415
2131.29570843
10660.3192088
11518.1395058
5324.30886715
11708.791749
5899.63610917
8798.63645201
11789.8275207
6787.51148179
10453.0441302
10352.3573992
3469.91421843
6734.46109487
17863.7556514
6302.19272936
9740.86494976
5728.90431601
9534.16050239
7216.95712656
3309.95688656
8238.08241195
12489.4476698
4436.34282928
19994.2800305
1393.4726371
8404.72713589
4635.60249976
17583.6183721
5028.49122204
2863.99253917
10162.6200033
11273.0013058
7248.53170139
15613.2762104
18358.2295246
3396.9985022
5417.02045506
8633.66900498
7012.25566188
4133.02708255
13463.9117942
16480.292889
2875.43711082
10670.4307387
3426.68052218
3265.37851267
2487.27949325
8223.52219449
9404.4817192
12228.8397341
7098.25372901
15530.4036757
4007.18814479
18406.1332936
4322.71087113
16604.0815165
3442.4245291
15010.3348077
10548.509796
6645.78873122
8860.59089491
7480.19308637
2788.16292006
5015.11073917
2432.30224212
13688.7768479
16319.3460648
3740.53343813
5104.71098543
11318.9770981
6282.30608742
9222.27270187
2436.27143265
6627.82043449
9986.32061223
7177.3985391
15243.9240086
5480.82345835
1103.09821669
9680.63551766
8740.07106729
4316.03335519
3446.83023528
10472.8915856
10020.1084726
2531.72975064
11469.7000792
8958.53725629
6905.07880132
10495.3597209
9707.16148433
9796.10760571
2034.54865356
5106.45387963
4527.84462639
4802.18804673
15686.1433264
5923.65758871
2142.07738583
9979.70593537
5327.77513009
8222.20952229
5132.77282077
1882.09547898
13690.9679554
8578.55669142
5334.53980362
6080.69402223
20236.0285505
1576.64113276
2528.62570217
19081.9034724
4589.63896879
3852.88699168
7911.70888774
2206.12555733
2819.34644103
7801.1510999
7850.91383563
5902.61517838
3106.40813344
6448.49815865
5427.80475114
8595.42235114
7958.21255071
5780.01844932
14055.940283
12394.5505837
5700.83604766
6357.23357473
4756.62219288
6071.16170625
3041.10148915
19433.0397075
8952.19221596
19275.1412691
5487.47150775
13617.6005563
23478.795822
6605.07205089
3991.95790691
3964.48053745
15245.8865422
8589.63457874
13554.499097
3947.32689419
5583.58692235
11388.0895247
5857.79804933
9315.5228249
3531.02319926
3249.12841901
4372.29058095
3292.64579027
5918.39461201
7416.56581061
5366.53296506
4991.16913372
6879.15382783
6269.21368478
3463.53017818
9820.69128243
11693.5505874
12222.7180951
7745.65713492
9356.09022265
6855.51409809
8494.42744117
3807.31418803
15211.9958828
5952.72072169
1433.28231067
6150.68252055
9143.61550416
6766.1399685
7565.89981099
3843.17642914
24480.1427684
7596.56116568
28951.7832459
8175.05712146
3924.80677489
6600.19906278
13424.4827769
8865.77743771
25092.8526194
1921.29037624
12174.2464646
8340.27573867
14700.8645365
8236.44317225
2862.75582949
6136.41812755
7928.43311595
17367.3927169
20107.4333085
6016.62003367
9190.7946934
6343.31837978
21217.8753357
9105.80480719
1177.34933283
18251.3206892
3522.81674118
13591.3628681
4755.72862645
10526.3534678
21609.0690933
6715.56630215
14106.8133249
3785.36781876
7261.91137474
14513.7372583
9258.71116563
4026.45667214
16512.5357085
19388.596678
1552.25258199
15440.6916015
6214.31393052
8744.13698438
13286.1280924
12364.6937658
9410.07138557
1745.91142617
7096.1489063
8142.8933085
7949.19094274
2990.35842027
3881.19361358
6932.46662107
4890.1390992
7848.14666895
12592.0868235
6822.59756671
4703.45353202
6263.29033376
13882.4088119
5430.90480416
16211.352295
4444.73778387
9131.05353529
14926.976054
2993.7376504
4282.27905635
6604.30684118
4513.91865676
4339.18879334
13350.2693719
5109.16238694
4469.75300261
8875.40072416
5189.62870155
7763.12306022
2011.06852764
8859.17629963
6330.35171828
20102.4492942
5989.60522044
9084.08162886
11698.0667554
14408.1465506
6270.86932694
8913.77694315
3933.48839368
3285.39256048
16362.8546923
4627.60134437
4668.37639762
3238.53546458
11244.8184643
6794.24093249
14237.5348216
3951.58365936
14440.6539054
11859.529871
24644.3888182
5918.63995554
3336.72966551
4086.61901908
4564.90276049
5496.3766826
14487.8260518
16048.1590168
3496.14084604
5795.44440599
2129.36719609
6251.90310386
8977.98792176
2349.28593667
5933.41457114
13616.4129642
8099.41600616
10386.1601992
10197.9389674
10477.1752404
8871.37306372
4502.4334943
3505.57587733
4767.88885339
3516.13222515
10504.1442631
9459.98922577
8181.36251178
10323.2752628
13019.4681233
18786.1472463
2495.00028231
5262.68157477
5763.46612912
10077.4423283
12695.7989558
9922.19248582
3231.77088287
3233.61707999
11594.6298539
25100.7001166
2897.42290187
3353.01241667
10923.6501423
26782.6979842
7045.47840157
17215.7618755
2911.89399979
6744.03051871
7875.07723183
2595.09367156
5000.84081231
3762.69164608
7878.44808509
3856.5763618
8163.09578179
2112.97439144
13495.4962166
9263.98722244
5953.76774823
9228.65639193
10779.9273597
2521.34564213
3004.07602856
7732.93593845
4859.14644731
2493.24144126
9487.48371779
7214.23439392
8035.25467957
4526.48336933
3052.96529139
13176.1260042
3014.86677862
13775.1288218
6844.03361795
2789.32063968
3709.68021784
13400.5857048
19070.7527636
4239.1252995
7782.06084
18833.1994433
3564.73503596
8192.86340097
15835.6393848
8402.32709226
9568.02048622
2930.72755022
6405.9144414
3507.69292679
2861.66601908
5456.67289312
5810.68610875
8295.75057145
11209.6153784
4905.98273959
7921.82436129
4563.57512725
8266.81457189
22099.4153714
14969.1844637
7855.26222065
10261.5900388
1760.40059461
7875.51783469
4062.62537115
1373.82519242
9264.01822231
3398.73249562
1477.30902712
27065.6635775
3096.74585427
9084.38973194
2655.5697693
10544.0672264
4698.28827658
2287.86022881
22916.8496947
15805.8429367
6862.43188428
7349.73372943
11987.3980165
10217.2599201
6300.323641
5533.3935548
2560.69639358
4270.84316219
5093.61418396
1332.51068865
8671.44990009
5743.1952521
8674.14344469
4923.12963906
5847.15387644
15888.7976105
4865.89159431
3551.56831454
20002.9820669
4685.19268341
9581.75273072
5436.6160336
2228.40407881
3680.93623056
17807.7815586
7902.71156553
10099.0560542
1503.48335715
13440.314704
4168.44822849
4590.12282963
17422.7761485
9581.77091744
9909.33113614
7681.86614134
18996.7171229
9460.84733699
12025.1525709
7356.10968195
2893.55540881
9471.62237088
11660.449323
15055.2069413
10902.5248103
9349.13492179
13238.1392913
21045.0029924
3088.48473619
5953.16758399
3322.52605843
4267.28403522
5093.37188789
2764.17222767
5487.19119584
13602.4818155
6482.66235821
4822.46732418
7621.13424885
9033.35616452
5451.50198215
9540.89701591
2012.98604539
1254.07546239
12615.3390489
2998.36512665
7998.15461352
4802.00795991
13419.475448
3893.4545547
10698.1621385
8068.29428925
4307.82608999
13422.0167186
6640.61919116
11188.4392797
13015.3414898
11181.9037303
9362.88418366
9670.91641226
9419.31054007
5232.62284574
3876.80552345
4570.6052993
12212.8178733
10038.9845016
2413.49831773
7358.83939608
6814.15157254
14323.2701624
15790.6338496
15811.4745034
10967.0733355
15646.2504638
12834.8577584
9497.6930572
6719.4918464
523.962869587
2477.64268596
7560.38854907
2455.18144409
5912.25340169
2438.67911348
13489.1080376
7211.16707962
9730.32977236
8119.0511646
6423.05614253
10691.4778329
6753.37041174
5307.99532345
4077.88429999
8507.41266898
8135.87427804
15217.0252257
10559.07249
9336.68819423
4618.62250852
555.540899544
9209.98216652
15132.2618128
4978.95803947
8835.899084
6549.51897783
7244.9420369
15462.0883528
12334.2567189
8056.13111572
20731.4306595
7366.11089389
8166.40362755
13941.6518586
2900.46531916
18932.941255
3841.98015495
2039.57998134
6958.09260916
12416.1541752
2417.8455974
8350.92928638
6530.26546465
7015.86849197
1920.30906234
12703.8029108
7482.23477894
4356.04341686
6243.40264764
2924.33216732
5465.35263162
22241.7742139
21280.9623558
8097.28627126
9894.53900924
4112.08985103
10607.4085143
2368.42330496
5911.8572521
4323.1647318
6447.51495619
12848.2892874
7518.74500034
18180.8587813
5528.19473426
2394.64188419
12229.5459645
9954.40386584
5696.78386262
12165.2170631
3846.24588603
3189.69197737
20811.5643677
11395.1969076
9269.03218114
13251.6488531
17036.3986676
11872.7332017
3718.94849857
2700.95618944
8697.5956839
9590.01346775
2969.00267254
7059.24385874
5389.41905873
3513.36837488
10458.9093527
3262.59751977
9693.61076685
16276.9900644
2220.74137248
6995.55462154
19288.6628201
12591.9525473
2539.74874354
7048.66449079
6156.04791571
2858.70391095
5983.76556098
8271.99136503
3100.35540195
4275.15311588
6493.19599235
9510.18969076
16517.8528119
3669.83773313
6522.87038524
3249.43957665
666.069739877
10413.8959592
9103.33378264
8678.31633117
8046.46069866
7330.90091307
10758.5285251
19813.3410006
10539.3283414
10368.205999
3157.90740588
14631.0478851
10320.4684013
10494.5350538
4086.97354454
13849.8733198
7800.44539861
12562.035806
1660.88096118
12121.5796077
14599.7397636
10752.5612184
12031.6741286
13614.8250827
14255.476179
1376.43447063
4248.35138123
10335.3053618
6626.56650541
4985.57643695
10279.5946534
12210.7576022
8047.33329956
25356.5904295
2246.15716399
3719.08360804
2275.43105539
22241.2922899
9353.87567757
7381.24690081
12180.4016923
12132.7006134
14152.8922487
13885.6421367
10961.8788692
1392.86518011
10166.7823009
4362.11739833
6261.16404671
1934.48808238
13374.3048194
11330.618813
9743.51752196
3010.8028907
3409.22507052
6400.46304112
2587.56132985
5085.22716159
6121.08880417
11813.5370413
2023.14777282
2354.09784844
16721.7238437
6980.99179953
8387.41240217
11306.4136807
2617.60023433
2170.2297248
1844.60011604
2577.56858909
3774.88305272
1060.94662116
13880.1714105
7909.50522231
11301.3065252
3645.18470472
30090.5844201
5074.82864779
6460.70814541
7503.43015594
7689.15573226
2895.58482542
7655.5525366
4403.52357153
8239.78942644
