1528.91223988
3046.32889901
2977.09304199
4412.72023477
4568.56224143
4313.55163889
4706.07977574
4577.58581895
5703.13602986
6099.73553465
6033.9652416
5701.00772193
5732.90044364
5443.80385802
5899.80808781
5666.81354199
5730.90929334
6541.22906094
6344.63125334
5990.80228448
6074.12239913
5893.81810202
6250.11866942
5890.22365322
5548.01157403
5368.10072186
5019.35377768
5097.73550271
4935.78260346
4576.74427622
4231.87899729
4090.22552422
4885.95286736
5189.07530577
4875.52814888
4893.61122932
4588.70257904
4424.03689205
4122.58693454
3994.0924299
3695.79913115
3735.39471065
3447.82327558
3322.25500785
3627.02901528
3340.57938391
3403.21345617
3122.33087171
2979.01743821
2690.61998368
2418.95575478
3013.74641941
2887.31793107
2924.26778778
2694.32704136
2908.97508417
2785.04230339
2554.40655832
2338.41562394
2225.74736571
2254.51034957
2021.50800902
1928.2389807
1685.54846377
1462.95125534
1757.0022335
1796.27443553
1687.64496359
1464.6025988
1895.65778882
1717.34425092
1614.33059683
1436.83008296
1449.63972731
1365.0390285
1165.87028338
1352.46390402
1180.14285376
1098.04881007
1110.86857716
919.120231114
753.758727607
662.118371906
492.62215169
596.024545361
461.263991173
375.4659598
575.646563832
760.189016414
642.018140154
576.32119706
478.526813984
472.000340541
384.834924495
327.385990532
244.020645554
190.662438794
167.158854075
189.425572123
144.837401675
144.837401675
144.963902679
144.963902679
144.963902679
209.060296288
209.060296288
206.281293342
206.281293342
206.281293342
206.281293342
206.281293342
206.281293342
206.281293342
206.281293342
187.385571129
187.385571129
177.883114359
177.883114359
177.883114359
177.883114359
177.883114359
177.883114359
177.883114359
177.883114359
177.883114359
177.883114359
177.883114359
177.883114359
177.883114359
177.883114359
177.883114359
177.883114359
177.883114359
173.936787607
173.936787607
175.637777349
175.637777349
175.637777349
175.637777349
175.637777349
174.363174294
174.363174294
99.3198152434
99.3198152434
99.2550470152
99.2550470152
99.2550470152
99.2550470152
99.2550470152
99.2550470152
99.2550470152
99.2550470152
99.2550470152
99.2550470152
99.2550470152
99.2550470152
99.2550470152
99.2550470152
99.2550470152
99.2550470152
