683.75034
1362.3597
1883.4881
2559.24136
3076.85456
3473.66656
3988.64336
4377.68136
5028.30094
5528.77754
5911.39354
6204.93354
6580.45154
6864.89154
7339.88294
7616.52294
7973.78894
8570.71384
8840.33384
9047.53384
9395.67384
9661.91384
10108.34424
10309.94424
10508.94424
10767.38424
10964.98424
11298.92824
11554.50824
11745.70824
11936.10824
12181.28824
12718.23504
13128.19524
13313.19524
13624.83124
13805.43124
14033.71124
14207.71124
14430.53124
14598.53124
14874.00124
15036.80124
15247.92124
15602.51704
15762.31704
16031.36504
16189.76504
16392.56504
16548.16504
16703.16504
17105.30392
17283.40392
17513.24392
17648.84392
17942.36312
18115.26312
18246.86312
18378.26312
18548.30312
18766.98912
18896.18912
19062.84912
19191.04912
19316.84912
19588.39832
19796.60632
19952.08632
20070.48632
20406.36368
20521.16368
20667.28368
20779.08368
20967.34968
21112.16968
21222.56968
21462.48208
21569.48208
21703.90208
21877.29608
21979.69608
22078.69608
22205.83608
22296.23608
22447.99808
22533.59808
22642.01808
22817.33868
23042.97058
23121.17058
23216.07058
23278.47058
23381.56058
23438.36058
23511.68058
23560.88058
23609.08058
23667.06058
23740.40658
23781.40658
23781.40658
23782.12658
23782.12658
23782.12658
23829.16358
23829.16358
23827.54358
23827.54358
23827.54358
23827.54358
23827.54358
23827.54358
23827.54358
23827.54358
23813.50958
23813.50958
23818.84958
23818.84958
23818.84958
23818.84958
23818.84958
23818.84958
23818.84958
23818.84958
23818.84958
23818.84958
23818.84958
23818.84958
23818.84958
23818.84958
23818.84958
23818.84958
23818.84958
23816.30558
23816.30558
23817.68558
23817.68558
23817.68558
23817.68558
23817.68558
23816.84558
23816.84558
23796.01778
23796.01778
23797.57778
23797.57778
23797.57778
23797.57778
23797.57778
23797.57778
23797.57778
23797.57778
23797.57778
23797.57778
23797.57778
23797.57778
23797.57778
23797.57778
23797.57778
23797.57778
